1.0 0.0
0.9929257314904197 -0.11873706979799903
0.9694112565981663 -0.245442081927212
0.9263774743521718 -0.3765963024418738
0.861739859339656 -0.5073503866414903
0.775063495439823 -0.6318833579361016
0.6680403592559265 -0.7441250421839145
0.5445598534434083 -0.8387219837453253
0.41024934492919074 -0.9119733959854146
0.2715719818816131 -0.9624181308853719
0.13476754864533572 -0.9908772415552428
0.004976359578638562 -0.9999876178460132
-0.11423344528146641 -0.9934539345028164
-0.24070031667486283 -0.9705994835938359
-0.3717696979115259 -0.9283249925078894
-0.5026368839216839 -0.8644976361572654
-0.6275057929399409 -0.7786118929394901
-0.7402991580817017 -0.6722775889047051
-0.8356196073700161 -0.5493085396922027
-0.9096925547396959 -0.4152823808580921
-0.9609706168621408 -0.27665045369128993
-0.9901969548140485 -0.13967816821889253
-0.9999543290978066 -0.009557181517352421
-0.9939223244741285 0.11008366323821712
-0.9716737127118944 0.23632646069512156
-0.9300978935714831 0.3673117318761956
-0.8670182360792834 0.49827640753498254
-0.7818646129558992 0.623448255276508
-0.6761710959193312 0.7367446294634598
-0.553681156610693 0.8327287534451091
-0.4199254093985616 0.9075586209945066
-0.28134299329793017 0.9596072739001934
-0.14422190619584313 0.9895453712555263
-0.013800641284012264 0.9999047666153762
0.1062359508390194 0.9943409489452446
0.23226702272627409 0.9726520601704767
0.3631692263983949 0.931723195480928
0.4942185199511468 0.8693377102928976
0.6196655581455736 0.7848659733025345
0.7334237006861706 0.6797717817560556
0.8300205555709711 0.5577328010164513
0.9055521206771152 0.42423502535408286
0.9583175748362511 0.285705137790636
0.9889197367092281 0.1484511850641519
0.9972260868803092 0.07443206060150376
225.0 0.0
224.1116962336206 19.97367295440107
221.45379901076112 39.78963311845703
217.04729517687687 59.29141300729539
210.92697863376523 78.32502591401519
203.1411756057522 96.74018179388
193.7513630542073 114.39147395954276
182.83168325339847 131.139527217117
170.468358360612 146.85209837737412
156.75900960311222 161.40512045239262
141.81188645766264 174.6836822926486
125.74501190903342 186.5829359292994
108.68525053656225 197.00892445725574
90.76730678718872 205.87932392204993
72.13266134463134 213.1240933525366
52.92845399317262 218.68602780674536
33.30632179699586 222.5212100640183
13.421201768850105 224.59935739685415
-6.569892517789984 224.90406068433865
-26.509110713156595 223.43291397911275
-46.23901208283551 220.19753350481335
-65.60380866507583 215.22346593398248
-84.45059537775148 208.54998667068597
-102.630557362009 200.22978973060773
-120.00014502937506 190.32857166733783
-136.42220753411297 178.92451283018605
-151.76707572089217 166.1076600495263
-165.91358599678023 151.97921562400896
-178.7500370430287 136.65073822382325
-190.17507181242576 120.24326201970197
-200.0984778479343 102.8863409930577
-208.44189960327304 84.71702597340771
-215.13945714093296 65.8787824804365
-220.13826632236962 46.52035791544881
-223.39885638293168 26.79460704690894
-224.89548159433986 6.8572850640719425
-224.61632455381945 -13.13418227120552
-222.56358949470828 -33.0219416635511
-218.75348488175652 -52.64895869898216
-213.21609542854614 -71.86025779389536
-205.9951445475857 -90.50414588746347
-197.14764910878083 -108.43341021512245
-186.74346923232108 -125.50648070548849
-174.8647566708317 -141.5885478223815
-161.60530613638488 -156.55262702543615
-147.0698146943127 -170.28056144428385
-131.37305507167451 -182.66395484915677
-114.63896940796114 -193.60502755114743
-96.99969060381288 -203.0173884739053
-78.59449899521125 -210.82671730046866
-59.56872259128365 -216.9713513089751
-40.072589559478494 -221.40277226357753
-20.260042018924338 -224.08598951605927
-0.2875205083040754 -224.99981629316346
19.68727127387544 -224.13703698806415
39.50661170296789 -221.50446413503934
59.0140066034145 -217.1228846174722
78.05542493199485 -211.0268955339241
96.48051501210041 -203.2646310182858
114.143791715606 -193.8973821710452
130.90578521831338 -182.9991131027055
146.63414225835174 -170.6558769106926
161.20467120196412 -156.96513620121715
174.50232266480617 -142.03499352127236
186.42209794573628 -125.98333777730413
196.86987810007477 -108.93691338045933
205.76316710594256 -91.03031946847136
213.03174325561164 -72.40494710636263
218.6182136284599 -53.20786285786222
222.47846726739442 -33.59064754289372
224.36873126080172 -16.84257796235875
1.0851978419422814 0.0800602743047255
0.0281491493311321 1.1161578234476772
-1.0836306354740557 0.06177938053183007
-0.0491445611811052 -1.0855929248807892
-0.10461470628673185 1.1093351467375385
1.1310744655801162 -0.04347935962140895
0.05782336038600817 -1.10765668240213
-1.1141812847156405 -0.046617003138087705
-1.0956751357592747 0.1768030064091723
-0.2490957373410033 1.0944529468470021
0.16592839542328375 1.1169361829662177
-0.16392567422124177 -1.1310359012240303
1.1355201202909826 -0.19443062489635873
0.20545915255113734 -1.1485301850682286
-1.0818039682411689 0.3247956135953103
-1.1537511187195606 -0.20480099600458385
1.1489429852073325 0.22647427817243426
-0.40468830071080064 1.0560771993984204
0.3165378001196272 1.0970656325044166
-0.33193120178589314 -1.1023125705148706
1.101178299976216 -0.35202981573833847
-1.0381103409624244 0.4847792409336295
0.38942874811474826 -1.108020182363415
-0.5596480528825821 0.9900148887867886
-1.1015088168669618 -0.392422496242787
1.1076505212511998 0.4164638063619686
-0.9554236375898439 0.6428099104914753
-0.7052660099357821 0.8971305765423687
0.4727906051443999 1.0519012880802228
-0.49357153467025644 -1.0467650146129541
-0.8394112163585498 0.7817148844238069
1.0444018101763788 -0.5070995560298603
0.5630428888006966 -1.0414684472366709
-1.025527244937611 -0.5605245458630509
1.03357497969245 0.5928790378079244
0.6294462349342835 0.9803706970087784
-0.6506035006846788 -0.9639530814728078
0.9644907315727198 -0.6599503388731534
0.7235969267489174 -0.9389022906673336
-0.9230515837812523 -0.7163487451350634
0.9217704157638331 0.7517047160580123
0.7821924996659679 0.8813886980539462
-0.7968091503687992 -0.8535265156217593
0.8584553590701116 -0.8070863844244134
-208.02250964013874 0.5828316418253014
2.834083377475607 203.99821951447544
206.9360649641216 -7.047277044986771
9.343155641653953 -205.04619103829702
207.5954692475905 12.36712052911907
139.23280204185534 -148.74522140912015
148.04366154883644 139.85522646105915
-142.2626706502603 -150.11857298639097
-144.6813473397563 143.3512740484604
-156.05423846580854 -137.2937632092332
-205.84154191134473 -19.160653268028717
206.58149131638075 -25.775530260524437
-128.4798879024719 -163.05839722689237
-167.85213576820263 -123.75182420145185
-202.8684301165611 -38.52300728656605
-114.10657907636399 -174.0375473698512
-44.30141013270574 -201.28517228275143
-9.250070014240867 -211.1153197413003
-177.69383021523544 -108.40840344122182
157.10555966168374 -139.0199109928282
138.62939132385392 157.66287235085304
-198.31345764991514 -57.17461974790527
-98.08093864715119 -182.97096175708822
-16.436865606175704 209.66542144445756
-210.90803630467605 17.008493098605225
-63.5193881282686 -196.43769937622235
-186.53585814227998 -92.34079933207535
-193.07816375724846 -75.3131675171421
-81.33192527918371 -190.8840146354292
-162.42230470295738 134.2608675497043
-133.80938207303566 161.07019983502784
22.57524737816831 208.77290283592276
165.30603735664576 129.2777784561502
128.93874057788534 -165.93411648651096
28.652319687608784 -208.64379677153963
209.55438354717577 28.97325566485328
-25.31559693236535 -206.68505025635244
193.849140626842 -75.25225426839202
-171.16787209248037 119.29433129442126
203.85768162377087 44.93206137861134
-118.26345711271175 170.1521826410168
198.92730262485145 63.405695542336076
192.53639536994936 80.45248890288966
-181.41451294125585 103.22568730700687
183.68355796526942 96.98680962720246
173.58354442522472 113.81494632403103
-202.15518591147813 52.406552965618964
-102.24729989010633 181.3438487595805
-206.06455231160197 33.444407544526435
123.73172907149726 167.09551574643152
108.20375230034107 178.36322942333084
92.48921249279829 187.53256630101924
75.93768369351238 194.82198424435418
45.36236116559341 -203.5102245091156
63.81729205742815 -199.10762735323104
80.68407900255411 -192.95408653460285
97.03482765658242 -184.27043793206192
113.6365370507885 -174.27358356848765
58.53319549874914 200.22923007346475
-69.58474273664551 197.24822039737262
39.64124674458914 204.0870735843563
166.5012947031006 -124.11704766823699
177.75264216996993 -108.6091891827288
186.71886158170298 -92.73346504913161
-33.43761295064979 205.63104232541596
200.67458974185718 -56.90614234732407
207.53546783724894 -41.68718312783765
-190.08082909686928 87.0209072546412
-196.9991207084954 70.09905022697255
-86.27232998249337 190.29349967395052
-52.17372499312522 202.26151705892354
-0.056079775761488884 1.2200912816310607
1.2443675850817266 0.07448164560888434
-1.2133749715903088 0.07801697021966064
-0.03031973875721065 -1.194837489658263
0.07082342461797943 1.255538432667103
-0.19291618849213538 1.2350197095236681
1.327468165229104 -0.10215629515536527
-1.228115167596011 0.24944994905777873
-0.36691665788766653 1.2161960361760167
0.16408321641336307 -1.3342368882884363
-1.3531583974759926 -0.16405779802124995
0.2410141006455574 1.2650520386777948
1.2899629261270311 -0.3044939391729551
-0.26443877424263396 -1.2863895986298772
-0.5511087584349894 1.1676095942365814
0.4233761263229263 1.243332257816993
-1.2255303436914415 0.4335248404427656
1.2402915668383963 -0.4836928679260326
0.33908438462256424 -1.3094919672996035
-1.3110286211148978 -0.34845637517212424
1.323202636093693 0.37462349371528636
-0.7228595280039662 1.0779109015482766
-0.8791687992600531 0.9625902812296742
-0.45677577613648285 -1.2488815805009998
0.6091897470409681 1.188816367712354
1.1712419411520312 -0.6623522883506427
-1.1672283739630593 0.6411595828781129
0.5466723770002404 -1.2723734789187182
0.7976984375985617 1.105199722263864
-1.2459989091323829 -0.5483384455429228
1.0749770800782121 -0.8430650868633348
-1.0375850371075046 0.8265135298143272
1.275091812354705 0.5945665447209282
-0.6470597979169948 -1.1708128050161255
0.7630272814915524 -1.1771213000491154
-1.1354614876305318 -0.7406198019318424
1.160155029647991 0.8121198215696985
-0.8351053453082914 -1.0678431956360193
0.9435520598631898 -1.023444816374627
-1.0030535654927215 -0.9206791080607792
0.9901128377739893 0.9857632534691051
189.21036401425746 4.501861725393947
-189.7128696842207 -5.441563544263562
-122.88682864592235 -143.4637882197819
-187.25797889311548 -25.44018158528625
-137.4978697247459 -130.06820391991218
-9.734651098958928 -194.75494447822237
-184.47723743816536 -43.704795463844576
-18.4944304336862 190.34002264541564
-192.15007245617107 17.353276109045595
-49.06073877606836 -178.74912052136048
-117.895477425919 146.79576957261918
-151.58260980914372 120.01254750574441
-177.48844926095884 -61.009602006169224
122.78746478431415 145.26301380670466
144.08131782902814 -123.22856160101347
23.67557273649847 188.6384985521699
151.58663275908253 114.71911070189351
114.28146937223543 -152.98834504463724
29.359677778224345 -189.01476180650926
-28.28274504926207 -187.46042450098867
190.73806179398568 27.805813749558812
-152.25853188782744 -121.6896087681399
189.3128733355127 -38.9498388911903
-113.19806876069948 -157.7902098024738
105.19700889415638 159.9991049768763
-159.51142225219488 -108.03165227543874
159.13477394319787 -105.81455466361224
-162.64072890225162 101.35140188136
-99.18295537401565 162.4221738386559
-40.75972945052376 187.86004147203147
-187.6221480400019 40.567546623854405
-98.88545511125618 -164.13934258278582
46.828434003107446 185.6478696729837
164.31810109393174 96.3663058751203
96.51149293050226 -165.54053892232298
-168.38363721597065 -92.39476957941113
51.821571246949546 -185.65835769259812
185.40251225379603 50.327932065259915
-82.53936770526741 -172.14345111225015
175.20764426434567 -78.50268514131687
-68.2725636573661 -179.9071111944353
181.68412954817072 -59.92534216555524
-176.92491622224367 -79.00020860246472
170.85823717905478 -94.0585756832681
93.36168214937575 171.940537169873
-57.402246669178126 187.38074945921832
-186.95045753293303 57.91230245494168
-174.30269438839625 88.53746853127078
-87.1131284082333 174.60912854882022
63.726897033308234 184.98382656634382
174.74598108453267 80.14970571114667
80.7502469969253 -175.6811108780907
67.96429415104645 -184.36339055711554
183.76950772593267 67.10451314366077
77.97002299711792 177.16034810689433
-179.20817997067536 72.64089636548736
-71.58860882640948 179.752684215717
188.8382785032411 -16.527668828817117
0.08116922001744008 -1.224659608536033
-1.2425055145430501 -0.06559604941368255
-0.11648647577613716 -1.281883741694903
1.333543437173597 0.2053831892032744
1.6773449997308088 181.02648043105353
6.968416137732943 -182.6469198503742
122.3756249010322 -132.40773228023232
130.73931819721585 123.78696865356184
-129.34552900429108 123.196985086514
-0.08235163798015264 1.3831606926098592
1.438246070579468 0.08062117102206574
-1.3507895604294815 0.1604400035591697
0.12739511292510036 1.430227290803785
-0.29887365632620194 1.385140508324045
-1.3983300250302395 0.32223757666842734
1.490876758881434 -0.254490719540804
-0.5048840377533972 1.3569365977714078
0.34084289908989845 1.4456034574456342
1.4422342743659722 -0.4395264726461734
0.26396727015772564 -1.6500266966753863
-1.649816265968117 -0.2838559487418306
0.5584394695587487 1.4100009678293342
1.3905520938471467 -0.6356595257771802
-0.8937581567503041 1.1415652948193835
-0.38472251110229827 -1.4919659377164676
-0.7472207386684303 1.3064253759829088
-1.074553732331448 1.0486128213518733
-0.6179632898107281 -1.3913627307231904
0.7717161020825075 1.340628843495276
1.3105890733408503 -0.8432261292056729
-1.4363169966947595 0.5773900705268762
0.46444595625957485 -1.5227309259839243
-1.527774016012118 -0.5016411797940932
-1.3708406660158525 -0.7450790680291915
1.5605783738313987 0.5338489733893691
1.0016338758913361 1.2528642168554407
1.1994432353051196 -1.0603948926634352
-0.8268589682464597 -1.3026405519497222
-1.3074250121980395 0.8801554443811594
-1.2410290499043164 -0.95080209029342
0.759766161657952 -1.4718310502896248
1.4629482077492226 0.8366986237772507
1.0398447364127352 -1.3115420663902417
1.2750778837165508 1.1100534812020018
-1.0841760752106293 -1.1923424281016084
169.48978517689116 -5.584251809703353
-171.93444659268573 -12.856257673092106
-173.05122885027197 6.842578328670205
-168.70232436204432 -32.98173085654291
171.61854932265825 16.009125397261958
-29.41940684731663 -167.7134586970758
-11.882918198108984 -175.56383394904884
171.4569637589849 -26.295339714800555
-101.65754425153743 -144.25704194627565
-139.1950224672948 98.57722073379284
-169.63953098835594 28.434396176269356
100.13773337051232 140.67738655999761
-30.142079891461915 171.75070525671865
-93.29010001964681 142.38420811182323
-140.39872125341188 -109.31344678681894
140.13523359197904 -100.23474363002735
145.3387917004481 93.71677708170392
93.80317423249863 -147.47023143163895
36.0318139414129 168.87343278910447
167.87594692065153 37.53597581868102
-124.36208490655353 -130.18360034140028
41.67580510964274 -169.5342147213552
168.37988898322757 -45.511892536239735
-64.93311393938191 -161.31884364563842
-159.14856921153162 -73.95770205985374
-150.5056698715154 -92.64738254420695
-172.23038804850788 -47.123885430097964
-83.76262276853703 -153.64057728006568
162.64927105615362 -64.40887063041669
155.45958103617463 -84.61616323631492
82.93156799098956 156.61606768019857
-52.87969499337431 169.7388036139827
-168.740004567389 53.82067230167916
-158.13737266761652 78.41813643795871
-76.2438966230693 159.19115845126376
59.356718270379716 167.0238461535942
156.92097015575592 78.79624304655384
79.55738539192217 -158.536636332765
62.74538808845536 -168.4003435039625
167.19924056485277 61.18396272762439
-1.3752889675079567 0.009303878749010092
0.008709144002270913 -1.3356631303657513
-0.1322749328717674 -1.4585388288782957
1.5110196343436293 0.2705601335889123
-13.170878872827306 172.37992812951944
16.14620802106069 167.99756664046865
21.6860566394858 -168.04250198458308
105.46279245098319 -136.51961276450643
133.72302867241078 106.19094364106704
-106.63849080363362 124.92750983682627
124.06533610882369 -112.23248847575866
112.99127161613805 127.72434037900051
1.5595851505758578 -0.07296775448648384
-1.552037502903597 -0.09592467477361626
0.08605141962841077 -1.5157859656271202
3.026398011870741 -163.43982666339514
-116.01736776353853 105.45081427834054
-44.72736563359858 -157.11237842026134
-158.25386404851625 -50.81989684809504
-112.79169466068832 -128.78219694087832
-124.30124829433255 -118.43004779135293
-0.012497990746356546 1.5896965622206223
-0.2153999947375807 1.5636182285367712
1.6506083764737753 0.10841679440453961
-1.5350949951101232 0.14242272916168947
0.20509487181189975 1.6398929453527389
-0.43121238553120667 1.5532005156775417
-0.20630696449804994 -1.6642790049761949
1.6219015998492026 -0.3842959688764535
-1.6092310797515603 0.3687297008774213
1.7566292872107758 0.3200905355025949
-0.6337781636443464 1.5100915255067926
1.6166122073644036 -0.5734013203426084
0.48786660119299957 1.6827449070903033
-1.0435112073259583 1.3098298146559972
0.715430679598389 1.5566489845860043
1.5591382415557675 -0.8100915202737383
-0.6110586009428324 -1.6251476641055276
-1.2831904713669422 1.1679658890771274
-0.7796705359565 -1.5035545271314528
0.9453872451982994 1.5281648412632995
0.5319877872760949 -1.9611293018804246
1.4650149134320185 -1.0454584435600909
-1.9357671814884587 -0.412811096100112
-1.6143750486906916 -0.7861422956682899
-1.4553753183213434 -0.9405651989449694
-0.9948198553825315 -1.485135185059632
1.2269349154303353 1.4454139140623132
1.359596933805902 -1.2924736296443213
-1.3930376745282187 -1.1622814172421612
-1.6517291068659223 0.8290008325717062
0.8151991104572449 -1.9404498306865068
1.9708724280324814 0.9018647132499841
1.076987816166958 -1.8177145811392335
1.7908688125737773 1.1877954829047046
-155.32144444238418 -1.2965070754504642
154.93575400963726 8.253921489371823
-13.875774728216077 -157.34882172336535
-0.9087020756327203 162.72959575953266
25.774421909353364 153.00011753714534
-157.53721681990027 -18.861450592504283
154.7029628177486 -32.97495988367703
33.25063618058428 -152.95898736759182
157.96004148256895 -18.197661929012995
-84.0691900066841 -136.5783426459245
-140.13672881041506 -79.15284362406597
89.72750047855901 -129.00022691540693
125.6416636821088 89.76915596589022
150.4227867892032 -50.48792230518932
-70.53669441438107 -143.40943487947766
-86.54217230744533 123.56538361560388
-135.48545371097222 -93.05786771114944
122.547577993787 -93.60212203097936
-159.5132357248827 14.816817809738891
80.87846258461714 134.48606393886485
135.49373577857148 -81.87876694149016
-152.67485459461068 40.09947840296647
-73.16695211108808 137.3148136497114
-37.54737891977969 154.11982743342634
157.39081902206283 23.554736622307416
-135.91878941845914 75.31983550186783
144.69856821397389 -67.37772789001558
139.769796213132 76.43381711871842
77.26937908419401 -142.20159323269974
44.40587930893879 150.85111386176231
151.51765159683652 49.45518435724088
51.18360992107047 -153.1009383924083
107.11558486764346 -120.70132266293123
115.24960409191854 108.93328616967004
63.582195883254435 144.95438321535104
-56.41898137841419 148.02085167770593
-146.88496783385892 58.61080646943593
66.2581245527376 -151.89389246032124
150.08204965544473 64.91192593232385
0.08224371978809815 -1.7304625782077916
-1.7657244741384552 -0.12748839555537617
1.7008205388744118 -0.2228191291408933
0.4320675232665086 -1.754105536723418
15.823080436813886 -150.6316727947016
-149.21449914990447 -32.10898512621794
-28.71619251468743 -150.03066884285684
-17.960829452582782 155.97690808370805
-55.68006407616244 -144.26590700989993
-142.3692901235305 -62.71134551317945
-96.6587990905617 108.07925433986718
-120.63831891756811 86.20638674544058
-96.0634855280578 -125.41498974988372
-123.27507835274122 -101.29298139103803
95.99280077106548 119.91844478507603
-0.048449997244683664 -1.627656923787827
1.7459399950102337 -0.047088347970597876
-1.6978656615747427 0.030710594213477348
-0.4031889265441529 -1.7625198132233963
-1.688830289672856 0.5642317673644555
-0.879349384823473 1.577247101741509
1.876204632637013 0.5779509943772858
-1.7952494719181482 -0.6036601377443458
-1.4966385013494041 1.0669441434814124
-1.291354045161645 -1.4519125758773233
1.2519636743617535 -1.5730847576755558
1.5279623548258057 1.3475614731060055
-0.5797498572446761 -146.37823438937343
152.3284997075557 -6.808598013670932
10.637916963805377 153.62420354109938
-153.66807211431058 25.47983949308743
151.1773085018314 34.420222986541894
-107.53004475856456 -110.95876109300609
108.11279909286768 -103.18103422433191
-0.1395986960037753 1.7208300242183365
0.028384850725041894 1.7972370886042184
1.8882687881951081 0.09917140761878446
-0.32879802051008056 1.7463114964561164
-1.7548552222874092 0.2001399950651497
0.2565588485482173 1.8906808183610637
-0.6057923084253699 1.753463640860085
-1.9918404680369568 -0.16793594776721288
1.85559983311713 -0.4303563854957869
1.8260685794549305 -0.7388615644129647
0.8113629335752348 1.819461310512978
-1.2772973557881229 1.388415040062554
-0.8458093583624854 -1.708386014004085
1.741798364656032 -1.0215428750547497
1.6154007871467408 -1.241737927733549
1.1419754128681296 1.7513392910213335
-1.6530097492248892 -1.0556812902675201
1.1796979039400877 -2.47094545730267
2.5497007701605603 1.3191901890743312
-15.710946979083916 -140.9433261231409
-142.49411846404868 -15.104515934105539
-2.755463553432336 145.26612092685662
26.489290177105097 -137.82517921747763
141.758629227306 -19.299273966346135
-145.8430417091025 14.574512281214876
138.1697497748715 -38.02192978172039
-62.59385390442785 -133.6197901828421
141.27131367696384 21.5648194207792
-26.026128439576848 141.7406337487041
-130.199422782076 -69.66909764871893
32.47864972089176 137.51432952762488
42.63482746741693 -138.58164876177113
133.8760115703776 -54.59257389037821
-72.2366747143207 -131.03401970251355
-40.59504015388107 -140.58533016008838
-80.21642214835336 -121.72109720728719
-123.14556823057055 -82.9057668228453
-79.78680139614995 108.22763961644193
73.7321787459855 -129.0688149450712
125.61417137753405 72.705741044019
-121.23801304313967 70.85275427921944
-138.63008515822008 -45.88838014251498
64.6910115558919 127.01895485645588
-56.80648055183308 130.27072788801127
-69.61639182037945 120.34170641318578
-41.79870603037855 137.3763192605926
130.2394104576629 -68.24019919527585
49.19474213232067 133.6411288363338
-136.4293611931799 44.762938827316006
119.83960522495265 -77.15742868957862
77.88262994279222 117.65080578711387
-129.3302590368129 59.16740352065205
60.52871172784107 -137.19780100269904
134.92815177456956 58.67998692015588
-103.53635671345825 91.62051040599509
92.93043826489026 -110.82360091373286
109.3169685069197 93.03758710623408
98.24944246885627 102.04507526785397
-0.07203652356805648 -1.7636609629830844
-1.8752537839027827 0.033653256294858415
1.9267269742515098 -0.14707222204246084
-0.19685453053047453 -1.8743659897149725
0.25428466761122526 -1.9031818239677047
2.0486771754484128 0.32998894286782376
-1.8353413665639817 0.4039692857816639
-0.6334397089657084 -1.886307145049968
-1.1463549200852703 1.5339981324032304
-1.9058014280921682 0.6398035518007839
2.200929400261698 0.6193096478421038
-2.0614391408344304 -0.635057755036112
-1.4959481759930773 1.3099014817124133
-1.8774982922158416 -0.8675118606187002
0.6933033823987266 -2.2356069369774256
-1.1380934601777317 -1.7459221023146905
-1.7407257689115307 1.1444006332147303
1.465828899995987 1.6799885313264487
1.5818481833846294 -1.5182914033919377
-1.628373890978362 -1.3779333979565556
1.0821075418384918 -2.184907378595401
2.1377897708721454 1.2599662500731732
1.8528841448789468 1.5718554366517996
1.451299517402236 -1.9154222076989693
137.42547380730812 0.8087046057951345
11.049122217389272 -135.10982446741946
14.94753436606034 139.0300930726344
-140.61664020515585 29.418065160601007
137.7491623956506 39.99550307148351
-90.17630992483136 -110.20633527758811
-108.83981166186214 -93.11766956552516
107.60341975474557 -86.88097584792867
0.5242937740760664 2.013314207034332
-2.1910121135569365 -0.37045729272623557
-0.8622755020855339 1.8477791705685278
-3.8151198774157056 -130.7643015320773
-136.82937946805453 1.4465367933618127
-129.65905226255043 -29.04555119417678
-28.00684158464822 -136.46197861799416
-50.74648038329429 -129.54399344038924
-127.86862221568211 -56.81810419481447
-87.32650049690606 94.5650277477136
-107.82386940235918 75.31603916116818
94.38634768961077 -94.79560954259335
77.76289035677537 -116.1635379862786
110.37014319658617 77.32096833294509
86.47692718982647 107.82964363955848
-0.17082730950598313 1.9040843159562242
0.009037740834546183 -1.9151749961877427
2.1960754483274636 0.030495826086449934
0.029702246470211864 2.0343808295963703
-0.4107676336407146 1.97852284629126
-2.064021346350928 0.04570225235740002
-1.9684846827270706 0.21976846705426134
2.1684758470299146 -0.3114513514078795
0.3504686274048441 -2.1977885910244535
-0.38598165192991446 -2.02545905521813
2.122703397376335 -0.6332079765015013
-1.1147985143484649 1.773972818199349
2.05539532913046 -0.9624009539211748
-0.9155602507829967 -1.9969716052040363
-1.9791721888090075 0.9260844146211924
1.0525054589338594 2.0228111726638103
-1.4145659983463266 1.6165821224675594
2.370595695383291 0.9490330502231724
1.9246637986054116 -1.3275104590676303
-1.9431649557161685 -1.1956701208389044
1.3459477427923885 2.00909759387155
-1.505573301396823 -1.7420071313519028
2.881295758550501 129.84945240838886
21.066955878171534 -124.0077624288167
125.85564345487549 -12.349900240797593
124.97319300256069 14.025319749734596
22.740946774120104 125.82050858414982
-13.72264038636213 131.78458491284124
125.76437502172783 -27.5058410695256
35.09740407231545 -125.61801171560134
-129.04775844404216 17.512505606784178
125.12161431171795 29.91282043732959
122.41708708893972 -43.226082590699434
-29.94316060309988 127.33499100702286
-125.95929594144569 34.00004615246725
37.796814830771865 122.62042383131357
49.249234437002166 -124.74342828571437
122.36703049093317 45.940505093141184
-63.819873682613924 -119.84508781632651
-43.974411734969635 122.63411404277157
-123.02106059080795 47.19513197571089
52.18116807542496 118.77532416522688
-74.99890931409738 -107.25813200232722
-117.50505438290777 -66.78924970137616
63.36289967363827 -120.73997177607612
117.27046540300574 61.29979811993522
-106.63043987561306 -77.29944656593993
117.24401033813012 -60.1530962396117
-55.77312632337692 115.79952990898431
-65.5199684656152 106.73472158686688
64.37433523732987 112.50411195553643
105.86199687830711 -72.13651834692511
96.99045653933912 87.07393758075324
-97.33187704833746 -99.49190062688358
0.26156597447647695 2.1726746430162405
-2.280963066688707 -0.06248896820611903
-0.6941401123755172 2.0558277702784307
2.368499716158074 0.3321098597287513
-2.0768101102804666 0.4287768425974894
0.8081587042840828 2.177364885370277
-2.3701900826760527 -0.6281604802536959
-2.1902353874511973 -0.9257836012351665
-1.7586251822833543 1.4705153689830484
0.9147925703007707 -2.536892421122772
1.694882235295133 1.951690119461632
1.883111481109815 -1.7542824607530612
2.2863115068905326 1.6275558671644406
1.4384122248318727 -2.367515869453807
7.290217473418707 -121.01256989078803
-126.37285975723378 -10.819206907531846
-19.306441278647526 -124.64987888256799
-35.7416826140821 -126.08401343059501
-124.42186718435642 -43.87219209881346
-72.9442407937633 95.94264185631192
-112.39055931644336 58.16761972005898
94.83370513286144 -80.3577185950332
74.81138662191445 104.05592452841148
-92.64116241392593 79.98667845672377
80.45634079565099 -101.0477455916026
85.3768716063886 95.40869902339811
0.1085520971698401 -2.1041229800842074
-0.12263743970041285 -2.1068400744794604
-0.6377678284908552 -2.191150777350268
0.46194146518766843 -2.5834305313394887
-2.1950374277493427 0.6836324718490346
-1.016362313109257 2.0741821342746607
2.5649225072729482 0.6234265958317374
-2.05619550541462 1.2596154875129018
-1.2724165147904773 -2.0838253624848457
-1.9787403295028858 -1.654637581975329
120.73342558417886 0.3097111756477977
-121.84438037444062 3.7434283511272515
-46.105942407976976 -112.85771831032183
-114.10894428476506 -52.022106363244276
66.35254059058967 -106.24742961209144
102.51302536066197 63.26237709667542
-95.18335761035539 -86.78594032829896
-84.98378184316238 -96.4111220097978
-0.20534228739748533 2.14284195020978
0.005800675495826123 2.294345668717148
2.497380935871901 0.09101036593260386
-0.46042305070585343 2.263810487278092
-2.195615128250783 0.20457157291808226
0.5172271450778556 2.3331101913743018
2.4361854171076773 -0.50732848974998
-2.4963443820392968 -0.31556563237406576
2.388402444175678 -0.847156857757969
-1.367620940843175 1.9888948749492705
2.3226595655599986 -1.2032889178977941
1.151857995217376 2.3538373066705733
-1.7369227920856534 1.8444258532175875
2.7933387264061915 0.9683103858306839
-2.324327118544776 -1.287989222817261
2.2655431931191945 -1.5860691921211283
1.5643622281249399 2.2914872005411593
2.0607284625223676 1.945100317327285
1.8387941935653025 -2.1840723459094566
16.648784778244508 -111.24058488691762
-5.66169724887491 -116.45855887126608
-5.032724351020742 117.75884797571659
10.989896141440719 117.12992029003028
114.36631292191743 -19.466129927463058
112.94506188638013 22.075359384931513
-114.61521514005284 -19.96200744615244
-19.999444859735455 116.65533514006668
29.811529450462658 -113.19483142835733
-115.63779886154433 25.224768653631536
111.92763996735783 -32.62365004750217
27.34069824806165 110.50851418745226
111.29998341438053 35.8831478024199
41.32127274340577 -115.30599975271596
-34.065289303293355 113.66778067960652
-110.91078470809838 39.79529136846191
42.81706749169021 109.33413251729796
107.44368117939771 -46.40672427944585
-59.91634227439223 -102.88481575654123
52.54027832384387 -110.96560538191088
107.70841806550746 49.86292291777748
-45.369879651482954 111.20323519246745
-103.11438236657614 -62.06124407216703
-61.637108202327 96.4852941722051
54.163980213154204 107.4151284901596
-53.24812641131657 103.46072253652105
100.9586417377551 -59.247417826067554
62.448068567700325 100.00123974939382
94.64337244913294 -68.96378633772878
83.40935651887821 80.52130951823487
-78.27223374755499 83.39827098716341
-96.38347755291149 64.9454846246769
82.35169012166598 -86.42559664450343
0.0504911775131203 -2.389990761164958
-0.3217151095049516 -2.3226512917458972
2.6966731606954775 0.2974043077853352
-2.3515163050443797 0.418374542926417
-0.8089401966062377 2.4120173052929195
-0.9639820150123052 -2.3577441376161214
-2.3180398159285414 0.996169893303876
0.7871751054848393 -2.9484298389135977
-2.5565925000195193 -0.9370898376093617
-2.1019534104636013 1.643206593337856
-1.7203977339474474 -2.130833578887687
1.2802170763221488 -2.7883078552860887
2.6528851691703013 1.672329644466307
-112.75564096235041 -6.059205118976442
114.98098318220205 -8.90461216435511
112.221416678087 9.503386455038113
-116.51571584075391 14.085074584327304
-29.739973972955095 -112.3905243730342
-111.84973016708268 -35.628178433568344
-70.94864276609607 -92.4935941830261
-92.044683829084 -72.17181837844676
68.93244473068042 -91.77315892894211
87.12918562415338 71.7603080038478
72.22478946985322 90.84577212520175
2.467491949258505 -0.18054053708885964
0.23318149234087265 2.465824609131518
-2.594118557659123 -0.010029663002751012
0.7881732234072958 2.517767738304827
-2.7162025572493556 -0.5831442350703266
2.952933220274242 0.5726980501381469
-1.2488775808530521 2.3611374512310466
1.8748107237785925 2.2093056911738755
2.230486666115615 -1.9884570743087737
-2.5030466091014407 -1.7085052630464934
2.45832051609701 1.9939197595515854
1.7929850341896585 -2.6529096648480532
4.431295068168265 -108.45411166898222
-16.515352002186003 -109.41746338088473
-46.50068177060659 -96.81871217778775
-99.91598336213217 -47.010022265314014
55.045111740442294 -96.73759607894469
94.35918725912273 52.72369243676873
-97.89592183348334 49.77317224783626
-65.00185388512813 86.09689695050504
-81.33021115204627 -82.25264226148217
84.11636070841261 -72.88372718663504
-82.38216812071337 69.94383145835667
95.11086274935411 74.04616850718898
-0.22702458181540797 2.377030909401543
2.7525104668436584 -0.024907091097922534
0.10444430834826497 -2.739178545596052
-0.41700853875385524 2.6113780604631733
-0.6052923980739443 -2.5483725948006093
0.32915650209332104 -3.024097078048736
2.715647047252922 -0.7095977179535251
-2.530044016078423 0.6893247195517652
2.6708941442557528 -1.0649298766693531
-1.6712044563849764 2.257549918311032
-1.3883320171713385 -2.521046843906994
-2.431683490353533 1.3727613080742131
2.62417152512789 -1.4282085473030537
1.4561897232555094 2.6790530467822466
-2.7669307336410833 -1.301612637316585
-2.102969559618287 2.0844238740540897
-2.2199744214483683 -2.132254833231385
3.0512267784674414 1.4352678138375075
1.548419191910412 105.4494040401526
108.8267079768062 -1.1891201729767813
-109.48298975249831 6.2186028251991985
105.0288034831554 -11.791157293856994
-103.1035861150973 -13.711539587904412
-11.855509585285157 105.52965980566027
102.70740405282356 15.68525074045527
14.57563255765195 102.36798233010444
24.82352979676021 -100.9825159005079
102.53819378886175 -23.57236948524391
-106.50025634009369 17.655426604030634
101.21587951339764 27.45742889517922
-103.92444051030407 -24.570490201816575
-25.31475173643649 103.69796806654345
39.89927555415625 -101.96401337825034
-104.80161827588745 28.207969901079537
98.94795321376314 -35.5105124985199
36.42715455456527 100.1951875426703
98.30924053145148 40.048525270678674
-39.70640164645448 100.32117825728557
-57.18823477702194 -88.04245887467239
-88.51842611337676 -57.115534007709066
93.09380956433226 -47.621857201348796
-51.37369747728065 90.06181829493957
48.94741847395209 96.36298197400899
67.11944538971446 76.27962412348579
71.35543399246666 -77.63539533270762
60.08831883395782 88.71671916688275
-0.05937647966969887 2.5684729415153082
-0.229648036237463 -2.6641307203279663
2.747480922860888 -0.36094217452405364
-2.8155115116477636 -0.23862264231151484
0.4848835694709101 2.6473851361722165
-2.679701722072059 0.32597368605396154
3.0367510140276113 0.18892288546121136
-1.0893672445485474 2.740248515857451
1.0430731605152759 2.77481198345616
-2.9630306866419343 -0.8927070835092308
3.264036748030829 0.9079471473034862
2.601317312942606 -1.8098109888759586
1.858053256694509 2.5423373688889837
2.1920272370854073 2.3130215416963193
2.230357548893472 -2.4184519767570896
0.9868366077430246 -3.778774959177305
2.913958696962675 1.983193280650628
1.864911890038496 -3.800163617253495
12.453135255999152 -99.74646044016578
-6.085056154012342 -104.41965308719308
-24.474175037427493 -98.88684794332511
-96.3018745712186 -32.977217944999694
-96.54674057257232 35.87855468598462
58.01283986133649 -82.4860431284803
-77.54166526342334 -67.54994529456008
-67.33901667547704 -78.12940882389653
87.40660581189942 -60.14242904152315
-69.21340044269016 73.71183427449384
-85.04628684269362 56.36185004529096
90.13162543090345 64.28266191440237
-0.7358267545701566 2.7710571031464637
-0.9634604591498239 -2.7955178900303035
0.601236855328011 -3.4404987200721604
-2.7077422790761188 1.0416889390249018
-1.5376737405890446 2.6882512337674225
1.1312210221150627 -3.306561303563086
-1.9539315102724861 -2.643191819474902
-2.519126619116144 1.822472122011144
-3.0052202010665834 -1.7195323058466627
-2.7170635768746556 -2.14900587448486
1.7110343951152172 -3.2234029387581336
-101.06586719438712 -1.895481928178479
103.01586923204542 6.142713186509053
-44.56067387138192 -83.50416633848643
-85.62131692182768 -42.30211206294214
44.51922749555901 -86.93242560654541
85.59372221903399 43.15121126151294
-56.45079853524963 76.83039439119229
74.06863816046813 -63.71606694242538
79.78323893438873 68.15087403654795
0.18640638536074428 2.7742072106225355
-0.09187967410043892 -3.0251102609421263
-2.859676122824266 0.054241984358818766
3.0619299142280343 -0.1857839860879132
-0.5155130020244886 -2.9486506888867403
3.0436050780768147 -0.5570987485086678
0.720391285272471 2.8158741006774437
-3.085888108354993 -0.48505320811867375
-2.918741935752914 0.6670781174757343
3.3547065353293593 0.44838802389658067
2.9997249230021876 -0.9186755021832056
2.9671741144659864 -1.280008717715475
1.316063744903397 3.115461989527931
2.9099177746244407 -1.621227493157346
-3.2417901176751833 -1.2593901710417155
-2.0294917531851144 2.5725690297180726
1.7997233550468543 2.992622055125139
3.7060308030235296 1.290733938960589
2.55695959045046 -2.171792690829782
2.6385721804617717 2.4190859615143108
2.2529479054370958 -2.9269187273527084
4.094985371130897 1.8068848060219922
1.9200983949268944 -97.80767260609639
96.85929090374191 -2.355570081267775
-5.2179345971958035 95.29475496699229
5.855189904530105 94.46090288237218
18.89527031178171 -90.13402845133766
-98.14692856756267 9.702458997204278
92.35552797998336 19.857642579379444
-93.73738231421157 -20.622160459917318
-13.862990688219694 -99.67380631274835
-17.067739228216237 94.16263049273428
-94.33058681290788 22.40483187414952
31.22138689711914 -89.56697966406362
89.54339557560775 31.20134934586185
-29.122167467434135 91.68994772674776
26.014059072706353 95.92954144093511
92.37071271044752 -26.777469387967347
86.23217880081063 -36.00376874842184
-72.90692288400405 -51.63663990153094
-39.34162931817213 88.27880267121601
-53.92333265459878 -74.43499700607488
60.62263937866468 -68.46785305459927
36.981145784823994 88.73228395385388
49.631201582571315 80.00965001365242
-85.98250273764054 43.3758458470336
81.76697084064344 55.703691628882865
-72.61290694203458 61.124379373686146
-0.13950200100228288 2.8829438395021407
-0.48896243518324956 2.9980248193743986
0.10840584389965663 -3.3965966575036095
-0.8747516900888814 3.0889793213841465
-1.3288651163174263 3.1144093138609787
-1.4542364245211599 -3.105729096426979
-2.8793803762873478 1.4689985625385618
-2.442401376789717 -2.499843521964657
-2.5538553634470955 2.3610418426640427
2.2567323049622203 2.764973814119171
3.471182742349903 1.9018873853131264
-92.48691907983181 -9.224662158073208
94.35907036683722 9.097026918843785
-24.542369986531437 -86.13329562398349
92.4912683565937 -15.212123052182275
-82.76040450654094 -27.781999893731022
47.583814772149005 -73.31254479091433
-44.10407097021248 78.77675432862316
77.50856176993618 -48.36075028486763
-63.15793142240485 -64.02369695723625
-60.440414448125885 64.73490688355653
69.02376644459544 60.29602640078416
-3.1305607011193093 -0.0918941159084288
0.46096151974939303 2.9729447984144692
3.394148734805517 0.024607451260644547
-3.0697697900848113 0.28512720275696957
0.8222217661006512 3.1628193895012893
-0.8535211462285787 -3.2810596205580866
-3.401955161954479 -0.7870314461270618
3.718874570959551 0.7299480546626604
-3.1596755650532264 1.05223965496404
-1.8555127839305878 3.078006232626896
3.013394695268932 -2.0578984282999535
1.4154322825463714 -3.648955155564816
2.7031707035696897 -2.579015187718772
-3.248410379590499 -2.19842155831442
3.205837765669688 2.4735275662041483
2.2324164106686775 -3.4282415359928753
-3.872363997900913 -2.220828388096455
-90.36267406490919 1.6288322530083592
7.984025605345879 -89.8173643822018
-6.850940010859898 -94.6740333894437
-15.41842188872936 -90.94966640545499
-41.55495428998596 -71.16424701327186
35.34105697528483 -77.47371785927186
15.703449496365643 90.5829319102588
77.86844506910563 33.633250128556746
-73.33874456552674 -37.33469168500263
63.36442481554046 -54.7468010428094
71.5846954377345 45.57443918841489
-85.25277618450224 31.609949325397068
55.557625117055316 65.32181424818857
-74.90148237876299 48.88444937031614
0.13594702020604046 3.1027687153486996
-0.35079406438939337 -3.3665265741388115
3.38919583690767 -0.38557714448595726
0.27954052640640803 -3.735620424900382
3.3396177676701018 -0.7812913068559186
3.2533452250080197 -1.117272424696843
0.5808721653125081 -3.8797639894369245
3.336988121827447 -1.5266848852999613
1.6593188239827812 3.513591562037308
-2.009922368074277 -3.1625910081842163
-3.0381374600823587 1.9996977256855533
-2.439650088226561 -2.939554092473301
-2.4514755888962325 2.9608256317580604
-3.5478235759598657 -1.6945619857362688
2.248083040657937 3.3368056240897053
-2.878600145198189 -2.62839194594382
2.7994790372620826 2.9826033458964747
0.1846350220562927 86.51281498432958
86.69879443518934 2.6189535231140817
87.45769944083091 -6.108184247689928
-9.939336775673203 85.49862893569832
84.39140021393739 12.66193469839801
-83.82442812501608 -15.524497445195912
-87.0641240674796 12.121213192227659
23.840507636039224 -79.8661171146891
81.78507094311892 23.05755755097487
-20.90102857205232 83.10761830087708
-32.32482414994677 80.41353271468334
81.57090899789378 -23.542862733419025
73.82877593561163 -34.152271225704986
-57.49027903355719 -50.65478851215595
-49.788952442876315 -61.76065188047283
49.32603577027928 -58.85391681823037
25.028843221604284 83.05439420259844
35.78674949461171 76.72012934161677
-48.46091856917261 67.45295275596374
-63.57657588932906 52.97858948448121
-0.19555538729175015 3.237643104419897
-0.5717001915751534 3.3908075206419768
-3.4783587939210316 -0.31550371950167233
3.753837699988875 0.26447051068075056
-3.3557511670062747 0.60563602918439
-1.0332463027305483 3.513921468426314
1.1124540591868428 3.566112121120077
-1.204208647140742 -3.6985281190896933
-3.7581364493298253 -1.156695881696989
-1.580799321194104 3.5716892096823156
4.083503243452342 0.9448901904079589
-3.411821392340565 1.5212489901636468
4.250379486252069 1.3051383283142892
1.3782809242852214 -4.12664429955916
2.8410410804168644 -3.250759671581955
3.8490029885670882 2.4186938543454533
-0.43344160275304794 -89.69817974984734
-82.78478357012791 -5.287261069987443
13.038149948715866 -80.78115527884681
-15.560321793022817 -80.84291124765714
-23.592200689824185 -75.53951925625917
8.347631858005874 86.40819049539158
-70.591718224849 -26.396056860962055
37.66662441309015 -65.60891935827163
-81.89413180504916 21.55096667564537
64.50461190164722 -42.07470130435296
58.21868480621354 50.68670933459229
42.84825369553559 67.81570502499022
-76.14009381144717 37.6349934589053
0.4132555025807358 3.330018175944488
-0.12056093646861069 -3.7758273574541996
-3.4639811773398725 0.1484667264077898
3.760429800707707 -0.18372527675154324
-0.6344452329184299 -3.7601555993254987
-1.8062012534750478 -3.6261227783765353
0.8085545367477623 -4.258581413046711
3.6593203556979876 -2.0493989007606683
-2.2014996832801366 3.555148521036983
-3.1761464367841086 2.7215060162547826
3.3171242386538164 -2.641007880496339
-3.464623160386318 -2.7714582974667907
2.4867456036680147 -3.9319147758884108
3.557586291264895 3.1325789757402447
-80.56613228858319 4.2852946814435064
-7.253313583722079 -85.465813878767
27.206034440847656 -69.50733174593626
-37.13477482947052 -59.19455636560958
81.49552979650502 -12.27976371433752
-56.399251618584294 -39.562428784936515
14.38793526446217 81.13598673843254
72.75393150949328 25.364914848818202
54.122410882863605 -46.95273724648808
65.82502191742086 33.43826412367275
-36.57678711363479 69.47388394467946
-52.21879888737582 56.17623718432361
-65.93933201351999 41.71329835354397
0.0881304409640308 3.414013627915673
0.6859697760749636 3.55967209965022
3.7271758671555784 -0.6301378282464031
0.22402150348116973 -4.175321026068643
4.1435865298913654 0.521048937596744
-3.875774840188833 -0.6101701395541178
3.616316075842908 -1.077816732680715
-3.67552708472625 1.0059464583363082
1.3925630241787377 4.068886346006321
-4.154809079143358 -1.6070955896926493
2.083912379149275 3.9983763702892023
-2.3949174530244743 -3.4902475334255483
-3.6813147799856236 2.0989717360592817
-2.9561371450839236 -3.2041359202822024
4.769079758631362 1.6054036181896745
2.885642409146433 3.765547247122547
1.959441345839836 -4.431237915679958
4.51790335651766 2.316535334752118
79.65339944047835 -3.2765252583134368
77.35554381573118 5.7297458637208205
2.015727198605514 -80.69920559889867
-3.5275687059038434 78.03837885525634
5.607624024059573 79.22961220207262
-75.24947980287834 -10.912578120972817
17.333731872601874 -71.69062314619272
-13.068436749632648 75.72657302016653
73.67203946207785 15.632792640844421
-77.00718775339698 13.07551742469642
37.58379240250761 -54.847570634625576
-23.82547477282439 71.00492641133388
69.99784766334909 -23.70690407766805
63.09692487938484 -31.171002979071304
-63.447426352785314 -33.41546145575436
-45.509722167358696 -51.10922458394997
26.668760852357217 72.57725092186564
33.50454156341261 68.02136327294217
-76.52126417307925 28.714700813809902
46.411124475977154 56.76612426544173
-0.19841474526509745 3.6323145355430486
-3.902500016158662 -0.06617800697961579
4.143270980438647 0.04503258350252808
-0.6394309049932032 3.8689592926829186
-3.8371364636478678 0.4733388804118949
-0.9265492514568135 -4.218583599979043
-1.2028871919624156 4.043756429026704
4.592493960165566 0.8755328109454285
-1.5520452478297682 -4.188417135525388
3.929959708806095 -1.479100596113662
-1.8604062290008325 4.12014425884391
1.2287880978628938 -4.830828811079258
-2.887613462187651 3.4720205345912545
3.651256017234854 -3.282269786755952
3.2357063237426797 -3.9560972256673406
4.24100882435298 2.8777381061853857
-4.206395695375585 -2.881502376645536
-74.171466503215 -2.037331067841638
-7.296944650238574 -75.90568233910577
-26.186883774949248 -59.95721389751385
-15.288116429778155 -71.04725658066789
28.94997197523165 -59.61311953643082
55.06342556455781 -37.01227727639012
54.930507035438616 38.56324343197806
-49.98726997300229 -44.0062081168883
-40.878727069848196 58.58867480027712
-68.14007085268578 31.40718701952015
-55.241754320591326 45.11731851527348
0.28409960627440867 3.763479964989988
-0.3539191512921668 -4.20867064288691
4.146639191693321 -0.42135807504655964
0.7959421400444087 3.972639476213603
-4.3191819260701365 -0.9779611656209932
0.44724646380830435 -4.748343587407498
-4.02861488929588 1.4986953954745268
-2.222504235298673 -4.10089730514619
4.027203926378904 -2.620126881642951
-4.607498825905968 -2.165483428345268
-4.003256412921086 2.755153003906181
-3.622664313239973 -3.487901426561687
2.7807465487228504 -4.71517728613505
3.641859791932292 3.869239535443373
-71.94355514093013 6.1430340829357055
8.14990342345969 -72.44268520081098
-67.04603914285089 -16.293183196868988
20.099126383674605 -62.75085714745387
12.005378300979865 71.85300400922127
73.21983071022174 -8.88538439137853
-54.59360140099298 -30.500319406968078
-36.30652237884334 -48.64540946708481
-61.05208197273199 -24.218891749702866
40.91251764366369 -40.058741364095354
64.52065190969071 21.06174396147722
-29.788188576940044 60.4697254441447
-71.10038481224987 21.29258233728744
47.246065576316376 46.152756812859764
36.12405426896552 59.96343858481734
-4.386054131936808 -0.35517400440740543
4.56172379462468 0.26447484818406747
4.10241943162525 -0.9305213205936348
-4.251188607578222 0.8827636090372076
4.323418903357915 -1.966868263751551
5.247378254043891 1.0504780410735792
1.7617575893000146 4.801929756861088
-2.5694397911034503 4.123808535131964
-3.6101430324119486 3.398489440994649
-2.9346066307087924 -3.8986851709072994
2.5534210413992047 4.5008161347947375
2.011445419257118 -5.172016057542922
4.275012333113247 3.5373476682271305
5.001335227154284 2.9811324109771458
5.9113521127577515 2.4532695427674565
2.2495568665648964 71.29361365948434
-0.09619834598811997 -70.7491565800063
71.58877873450209 -0.6953482421167771
-67.73691402879969 -7.011481835246422
68.0183339806046 7.465436420631371
-6.179281711272598 69.83068231487529
29.424117379722816 -50.837909297654804
-13.999633042271082 66.74058547886138
54.26767068732781 -27.892486856033297
-29.969442245307825 -53.01537214594247
60.86871224993283 -22.138760130035042
-48.17675220394376 -36.31167293763905
-42.375722434982364 -42.413311334477925
56.32835813823735 27.77728441113574
26.04550799642688 62.94687164400362
-44.62103706946066 48.0627944218976
-57.53784717896607 34.15116247559712
-0.1568226641270988 4.114468240460217
4.4852167319877845 -0.1758738706702919
-4.364631116437977 0.2629718556260141
-0.07903436546894389 -4.606357752297905
-0.6731875059733171 4.5141480224903505
-0.5908673865423726 -4.703870255548815
0.9398446522667546 4.557748757518337
-1.2268627331083706 -4.740439209132941
-4.817844412510981 -1.4218461794990165
-1.4286429799863565 4.6695495158465405
-1.9280025074866376 -4.73523263828262
0.6216258885366117 -5.421579620990193
-4.4224617524865915 2.0947641139282376
3.311174147391056 4.535321276550401
5.146227803689401 2.2064609944677596
4.436739815998363 -3.249064961452147
4.042971520899731 -3.9691000337530746
-4.481693797723645 -3.7204116289815996
-6.043664624879901 -3.306310101512515
4.449077026656218 -4.807722876619498
-66.69789235137168 0.5019261083945143
-7.619337491288251 -66.60992148233409
-15.451925301897987 -60.26754038850129
21.716484428098703 -54.088986142373294
11.663460415054168 -64.76028765443715
46.223173383536555 -32.93986664538998
-69.40001307184053 12.985760596782564
66.06942474684055 -14.580632795116363
-20.05379722215128 60.94504055416149
46.021967969256885 38.386886264380806
-33.528799721840144 49.77479427231159
-61.510892634155795 24.84398875815617
38.38795541757901 50.58482459634484
0.358941305869396 4.3165485540852035
4.652952437060713 -0.6530456248521773
-4.91529702456205 -0.7129439233773474
5.083184688530214 0.4346801763521475
4.53311444361476 -1.3204259742287692
-4.721165676921351 1.386852761310552
-2.1762289207264836 4.753046834959572
1.3687905785410104 -5.6443480226541745
-2.7202309895824124 -4.656835893646891
5.526490186011311 1.673667883055216
4.768065407440266 -2.5263937503619274
-3.311932681929142 4.068572643097268
-4.333291915131395 3.4250301260467175
-5.186542405008471 -2.9157310733777035
-3.6909728251508342 -4.44316857199676
3.6053391882967913 -4.578504941288859
2.64647749757553 -5.4880218115604205
4.176867496250926 4.373312344760683
6.6248751639658625 64.32068305515217
-60.87632189354511 -9.67702967049604
4.936533233743919 -65.94633895597093
33.2508969363766 -38.997297438169994
60.70419165107038 12.267783013119448
65.93731703578028 -5.831055537219787
-21.695926274109713 -51.43966563393083
-45.75303370985713 -27.291928567788183
-28.539994958212844 -45.84862620829163
-57.89056955434868 -16.512334954913044
-34.328616126072724 -40.30705877845606
-52.733912105325714 -22.2316540170663
15.546309342391748 62.24122634147051
55.491210277120736 18.847887228672946
48.10059496653039 31.389263462266335
29.47997448449726 53.56081160034193
-47.468526490307255 37.51567832004392
-4.930912822134558 -0.024330912697849073
4.914658030582728 -0.11505954828540205
-0.12541003411873286 -5.185759419148495
-4.871496759196081 0.6684333295808663
0.9657235644558888 5.283762785153794
-5.402609513754995 -1.939654379338619
-4.789332902143628 2.789868925086667
2.7227155627668815 5.4011207654464295
5.027137395054833 3.9874282305960254
-0.7747253254538945 -62.86898890116858
65.25080981583613 0.6598340862375021
-62.34136836286651 -3.698382596498152
-1.030180832485958 64.36346803872799
23.114994946731006 -46.175628893420104
-63.756783121682865 7.98460106434903
-7.679377415243383 62.6940473730435
13.723077408366834 -56.8125053994267
47.01198308004131 -24.210546288733237
-13.15753237108011 60.11691206973439
58.422611590014526 -15.59745443399381
37.72833811515732 -33.25062464177595
53.30162418872726 -19.84008674813896
-39.960076249260254 -34.12122551166778
-23.805780698446622 52.91075905690911
-63.133821194339426 16.376515262865208
-38.314410806605416 41.09861171381606
-53.3443335675833 26.609561043335965
39.41864337845953 41.87581995843764
-0.07328933681747142 4.587599165796727
0.36304693153078393 4.900175802113405
-0.951791977583266 5.220689293270096
-0.83737561068063 -5.251990106264077
5.690666437239358 0.5738746268770849
-5.501919698885083 -1.1228107751957745
-1.5294903066449692 -5.333760856729695
5.015110203903861 -1.8018173433479008
-1.7050468253544269 5.362409734454996
5.815293864957325 1.1375303730124746
-2.319093545448137 -5.381114807492669
-5.303567073838546 2.037819006176799
0.7547539846908063 -6.236394350314449
-2.9747523725343368 4.77048461162095
-3.9425981304510715 3.9458101543822246
2.079394369828174 -5.912048990717578
5.250583364554274 -3.1569296316441617
4.873857466161187 -3.9329928740967066
3.8838773471000305 5.29979433139204
-5.442244415153853 -3.931549828504542
-4.739855430905782 -4.655129299415962
5.884707924716479 3.4859227903564243
-13.397269183024363 -51.6437854244781
-6.822801735723992 -58.8074294900105
60.693087587147 4.585474118105925
5.735171130684719 -58.891572321075856
59.4701475449141 -9.248011780005076
40.34283358293314 33.91977335632459
49.004669091069495 23.34833836895227
20.956001170531444 55.09710440935972
31.574864919555505 45.122909539811644
-5.529068065214275 -0.37164609276830013
5.212308741069863 -0.5185381348511352
5.484603458437353 -0.04278390282887837
5.166791363521131 -1.0890466042685074
0.05090486592234538 -5.872957533421445
-5.441793422892825 1.1386705536264463
1.6724958186530623 5.800465166743941
6.263127951349301 1.5863771103891775
-6.118386544699741 -2.457075624357209
-3.2273556934302996 -5.372941528684915
-5.077012790401775 3.5220227258329957
3.513790093576322 -5.4370393974788245
4.9188338591625 5.008463081951563
2.1727625692979733 58.729665503236305
-56.174234637902295 -3.921331059878709
-60.18712555118969 1.5791273544902031
25.231935347487532 -38.42713747941682
30.450003292901826 -31.947723926656355
-54.03743790902833 -10.665209397467438
59.94147555903685 -2.200229294240525
14.98799011610632 -48.315570988386874
-21.78969411308548 -43.1193444871121
8.795484733867616 57.33148094938758
-37.494035097504735 -26.171499879573535
-45.52601751919123 -18.873549569351617
-27.16232025682191 -38.57805253501958
-31.636534221129164 -32.25349980143973
53.38457346507189 12.239341479067665
40.418562183912975 -27.112623411345712
-15.704534704914307 54.310040572593024
-25.760579939410462 45.14741096933653
-39.75478221886168 33.67378683890452
-45.70281354216407 28.656686839448234
-55.73230613827464 19.14929719348876
-0.2583707275676478 5.090184267383478
-5.511408354597001 0.36497496300594867
0.24535293995721907 5.562917336207046
-0.4955603852254948 -5.682249964908743
-6.17912237481572 -1.5487784271911385
-2.5155213339394864 5.469073496153547
1.5121584019855787 -6.282825068424438
5.548283037627314 -2.358629224329677
-3.8817519943848673 4.698041944333174
-5.589362658375567 2.903682012754297
-4.5708516695581345 4.137186363540034
3.4931060619881986 6.342719832235485
-4.1103400293684595 -5.30094886164178
2.843264911334153 -6.195713107913231
6.641568594167853 3.0291598174524506
5.313779703316887 -4.547239531967942
5.901916600751658 4.5358386956673655
-0.7892897875853935 -56.19346976185287
8.136649156703097 -52.04445394733352
-3.3640491836391737 59.196365480949346
55.96493670320604 7.584678178078939
-8.327530881452992 55.80055457873037
-16.55225776471064 -46.23353632610344
46.83899795348949 -17.016140323733193
52.35368575204852 -12.147046694309733
48.91335782557681 16.392101668905166
-57.23385259982196 11.936404762428726
14.38079726860276 54.96613611722194
41.88867807329907 26.313331976309833
32.8632106390521 37.036766710061585
23.734288901676425 47.57123781272186
6.163210780374073 0.06028841982123582
-6.162051338322566 -0.7367527891349684
-1.0599032516819298 -5.855247496188607
0.8116934913418614 6.077765014351224
0.055236227595141435 -6.464850776539702
-1.1840868551785273 5.932307582130813
5.743509638200856 -1.5463783216187719
6.343099883652266 0.8015460588509143
-1.8087681547696417 -6.028755006339473
-6.094058216203409 1.600222871852891
2.381669455211203 6.52511940877886
-2.702854559503965 -6.150379939476636
5.744538461772858 -3.860825996806288
4.678385237517045 6.136053572694787
4.453752070311762 -5.771625493617536
-6.558866795986187 -4.187238108637424
-6.393084201143842 -5.477375727484944
54.191675448047576 1.7583911943391588
-5.915336045918657 -51.37302245392701
17.964488951731127 -41.23748976118016
40.990331612983965 -20.426610694905612
54.02769783639656 -5.09598123383364
-57.632831999786795 6.3036907634001045
-17.956228621949922 46.71408031576913
-26.694736717854884 38.588698935591374
-32.98926595782725 35.45014179669817
-48.48864377641231 21.036254633290245
-6.146396062400111 0.00614517903546989
-0.4594721748566922 5.753361129170914
5.836008455760666 -0.6926275086207404
-0.5094117988811708 -6.236744196185857
-6.141770770751957 0.7756030559072896
-1.9708943905670573 6.127786534598847
1.264605981188739 -6.933820095552935
-6.058319590285394 2.3515341504242984
-6.984731898967793 -1.9910085769197654
-3.3889199151951126 5.508033144340146
2.090102136214865 -6.6795950383704605
6.125889506105163 -3.007957884919716
6.909200656784932 2.2071037898724453
-3.8217825734815367 -6.297449773056722
-6.910408323739862 -3.034059893569525
-5.390452718570145 4.270728063363564
-5.07201905651696 -5.730203596535811
3.81304834046153 -6.492120972793158
-5.641356748029698 -4.797394402253526
6.819936231982833 3.9259825338954855
-6.328336983800856 4.214909408141813
5.334762889160747 -5.408178190795398
5.841653374464073 5.716104172706576
-1.9501806830143478 54.304835956713546
7.760237024452832 -45.42448698011773
23.621134891704592 -31.503654375429235
-54.472414864343385 2.2583144222345513
-49.99470673786624 -6.033374956553709
3.956292393425132 52.75767240912055
-15.50214983718834 -39.94374714787477
-10.38140160337255 -45.0274127617606
-47.684546365382715 -11.857253048273346
-38.35316134338744 -19.130690727219832
-31.34932438480811 -25.786882984749436
50.78232708945994 7.086053991974815
31.47232821568738 -26.343523881414637
48.3685384186623 11.265664101701612
10.074025402894048 50.87608767826452
-21.291929551907955 -36.6840858733281
-25.391881837533884 -33.27129179907176
-10.898198972970986 49.27036509502611
33.68924947798063 28.48009195204242
-50.61869520421988 14.029776172730429
43.221797245132784 19.357614478518183
16.507726983551457 49.209766067836725
-38.26080570593098 27.84109116093723
25.503575833596557 40.046082333643646
0.05035643302460893 6.270908319313529
-6.9006587962844 -1.0390202224553455
1.3913559290348896 6.712149822330719
0.4054126475241687 -7.023168786586901
6.37984311808204 -2.108208269636084
7.06685645490028 1.2429604749037546
3.0482437562406153 7.399009934131407
-4.793590539926705 4.960479985248621
4.242877905111083 7.2940915340889205
6.163009666436825 -4.720511793958855
-0.20957063308209817 -51.615372960418554
18.85682497093936 -34.980203038840564
41.223481489782216 -13.974252913439035
48.238036708723214 -6.7265966843978235
35.435903760482866 -23.401076132374598
-52.471395477388675 7.720309433169378
-21.07252542850948 40.78159698570086
-41.508415206076336 22.09211675396025
-6.709785625047581 -0.33887937728594053
-0.6564651674868036 6.441921816834554
6.565140621938737 -0.48562748752791635
7.052573704417643 0.2067529895799325
-0.4284703648325119 -6.947434626826436
6.507894740528489 -1.225569344846667
-1.1823137358466642 -6.588495035954819
-1.3579974580803633 6.686542795536443
-6.8322028907216525 1.1991163777537135
-6.779869638540823 2.1013710744271483
-2.061630176886976 -6.855135840624879
-2.873020640530598 6.290978465315035
-5.781976365361282 3.6053633414699444
-6.5189710581139835 3.116327789597856
-2.980251817965659 -6.959640116487329
-4.182903595565693 5.4939078885103845
2.913414280928282 -7.15655163095899
6.7351148260450895 -3.7931058878093245
7.677943274196208 3.071249736812972
-7.804518650658348 -3.7395565034945326
6.915013828746603 5.088449413551074
5.1554877524298375 -6.706457468432257
5.687904543808923 7.153273163398229
-4.372721574961521 -44.4731283633113
8.717855669013979 -39.928004144362276
47.94025673232535 2.3581958526433056
-51.267322368897254 -1.2569081818632526
-5.521703124180815 50.59188622053814
-33.61729167119174 -21.777815779379036
-12.05167085008334 43.2639053083273
43.930405949397034 13.292329868654
-31.918995211533424 28.61511449943658
-43.96938187864361 15.621030509366802
-26.98587680911734 32.65792600305346
36.899187877745206 21.362322781276113
26.5876534748149 32.72918252273603
18.336085478352793 42.31977744727727
-6.818218513089544 0.34820379507753735
0.5458419411266738 6.835784085436568
1.9623248398682154 7.494735044340583
-7.846571486776721 -1.343988492639336
0.8975819736824414 -7.7846663721576554
1.924825703529139 -7.587984419716865
7.888168512310177 1.8572100167750019
-7.949750044650951 -2.516002695403561
7.091272960597745 -2.76520859919984
-4.813512063510834 -6.867726903076757
-5.78418271045503 5.184743369282961
6.470325813173613 -5.888255014394637
-7.674884401747125 -5.016593840249337
2.2309537628594622 -44.90206036941462
-0.6154728932984259 48.65642773020724
-44.16809113827222 -6.828895289178149
-9.619052442670915 -39.47695904735027
13.096034344397678 -37.10592039739717
18.988220995664506 -30.27111376899295
29.62930579718408 -21.26646500314171
5.25072941327895 46.55696187710137
-49.05837811615998 3.0847781665998983
44.770944716500544 7.323309030858104
-16.807739701184218 -33.9120446580869
34.988334763338365 -16.816611259845644
26.738082166434232 -26.66781261672234
-40.78127208286037 -12.746895706354353
49.90697278707065 -1.9836974079741858
-21.098202642497355 -31.294567415704517
-25.76961687284991 -27.560104122508772
-45.76485089484962 8.66521140000141
11.53086612756675 44.35045293533172
46.11514463724156 -11.466773249612
-34.894547723976395 22.541409421023562
-21.858295006367687 35.39431709097197
-0.182943809655514 6.953275034955423
-7.517213095965017 -0.2680902939525356
-0.11400933032021829 -7.763902411288803
7.938380136114735 0.7970901798301852
7.255877881634774 -1.7422569084876034
-2.1857404441437365 7.024454152258929
-3.900261125227987 6.32447936161557
-4.944949598907818 5.977964892518742
3.6699094359410336 8.346528257718916
3.9962354478582522 -7.677484386619154
7.893257516405654 4.342348979868547
-5.983926528831345 -6.7085368291958885
7.375899282351592 -4.8190334080144135
6.944484092942249 6.371924822210207
5.245977237986924 9.66380530280405
4.382628862998059 -41.15279330906712
-46.60660035306887 -1.7013639379403065
-32.6580557180237 -16.628837257589915
-28.22408914016226 -21.187044474543914
-5.811826324935442 44.852195546481504
-12.978261772423046 37.68510377410012
30.67915309001706 21.812901342314422
26.493614154917168 26.149319411156313
-37.68760288081299 16.802533036836525
38.62306805038923 15.426798397149351
19.87540001983992 35.44042776090742
-0.8018993647791298 7.054794930925997
7.26021031656099 -0.7766699079909676
-7.556230539022824 0.7206904874099851
0.975342302125131 7.538974556177591
-1.2285025513279493 -7.599725449549057
-7.59689353948259 1.6532031626364434
-2.468973536377259 -7.7972668893658295
2.540093092374577 8.390384648424973
-3.846934526176864 -7.6933580290334085
2.8112767623589736 -8.298956298678094
-8.541170952700561 3.226456052450057
8.863694517422767 2.5191081567294713
7.905601637589478 -3.579774778184668
4.87897652804921 8.385562258484901
-10.346898150328453 -2.7576233644461663
6.677657330557679 -7.374800795670209
-7.426353847060988 -6.4187125930758295
-10.028554573502783 -4.298483550324152
-0.3082440557085572 -41.32271025849597
-4.877011701303091 -39.24241048669265
42.84060340209965 2.175214136630902
14.245038975642448 -31.32252699701258
8.944410289014115 -36.27040555956566
36.490690185052024 -10.647649454550839
21.464403287669338 -26.711033939665136
45.086778837693636 -2.1934983480835823
-12.073500475930771 -35.165792308324086
41.88631874730758 -7.447003469208994
39.61739346826537 9.987669155661715
-28.15575911277178 22.56745986279788
-39.70365689544288 11.054920251227443
-22.056860158970743 30.06254484831321
12.827306025361404 37.23697178487943
0.23131931354153437 7.461829242223455
8.023208227766874 -0.1929518177451224
-1.3451835054437835 7.5377582066349715
-8.575536650364292 -0.5093321205228503
0.3327146846666371 -8.725361830916238
8.866393709231561 1.3036560351678437
-3.2717281185595715 7.291373627995879
-7.572237686933445 2.6915505799434047
8.1399491425822 -2.3560308568474135
-9.147720538816625 -1.7329891558097053
1.5705346799662223 -8.667442471773116
-7.51473578092531 3.948874367131804
-9.001599919832643 -3.2469185001584315
-6.972757578924864 5.165271281191244
8.722639434948617 3.614534652999913
-6.268063370321941 6.520107244348985
-5.342692680590199 -7.905453072839903
8.084148418542672 5.635326337102491
5.341136450132755 -8.324903512714648
6.974427901286885 7.560209606395517
8.113263438639397 -6.294305055047594
-41.39039058339376 -1.9909795447863599
5.627404457473429 -37.20508524232011
0.38052608726623727 42.791180222265794
-34.5915525163629 -11.017192491148368
-38.52574791783817 -6.668723025821817
29.603374812344956 -15.982941126067848
23.79006554207214 -22.216508256426444
-22.669979161590327 -22.5142831219582
-43.728819900764506 2.787943019679806
-20.01080678476796 -26.633223095539673
6.164018452850738 39.83280113473185
-17.313114106513588 -29.72278045734716
-8.282125459853326 39.772533793202
-16.545289340893746 32.65447093763148
-31.79849526513773 17.28242541031783
33.23147688859772 16.764828751721737
21.05129239563841 29.17961620582686
-0.46398128750516043 7.654701355464166
-8.20791438204213 0.29363642611100893
8.150010938725835 -1.219478349471586
-0.6643085599489991 -8.497108112316162
1.4388309042522363 8.402945285974194
3.1352117482223383 9.361542466277719
-4.734009461066084 7.384352076874881
3.942752706841174 -9.079728597724559
8.865147113609954 -4.632780726257875
-6.854899046851161 -7.847726403820131
-9.135247290890348 -5.841338814369415
2.274521588734937 -38.132683875687505
-7.564592170046847 -35.43776288232257
16.758943960906134 -26.828953058256417
10.448722252230029 -33.589276795822784
-27.53933583491046 -15.991624900054575
39.84430464387811 5.107294647164467
-13.563856835296521 -30.67587863388134
-34.21444093380367 12.18297226520008
25.44193106662579 20.882055731887196
-40.75640527313951 6.313870053865176
34.77825844540135 11.787745351369702
14.908084328516784 31.08053111839818
8.72641839297221 0.36379750698049523
-8.359508227418509 1.1042933601659586
-1.6815312956815565 -8.742206792796983
-2.290779722095501 8.212217748436396
-8.475371269852221 2.107728275067678
-3.0155939036405983 -8.929333540761487
9.981415034878957 1.843281521384663
2.520102062965708 -9.619181016571869
9.222028485959958 -3.108170981269739
-4.485541187050584 -9.092628314694624
10.038700524440952 3.4220107281897363
9.134024738493107 4.7151185345674165
6.251729493889083 8.605857854109129
8.159605789218379 7.074689006461252
7.002739584720174 -9.157191981226891
8.681588630924443 -8.944815235418412
-0.936695719218767 -36.75986956221664
6.839755684616124 -33.52162656571459
18.8939275032777 -22.765855663425832
-29.6671254755482 -12.440196821021102
36.347132236873364 -5.578044323112729
39.65712286727897 -1.5182612679733503
-23.9535361277618 -18.06944507235931
31.52392851861745 -11.992974201485687
25.36852150613356 -17.415440126333117
-26.56091085726764 16.803850251033136
7.666425862319451 34.38666291863238
-3.6887101115883203 39.52866837817442
-10.830137926840594 33.00052715146313
-17.88197397671887 26.910769059819017
21.466237268939054 23.779951837142043
28.26849681913889 17.215498507527897
-22.681428662595195 24.930741229806756
0.28485475773065144 8.326963758333294
-9.02706655711518 0.42676342605593737
9.005130210163022 -0.529140881560425
-0.9662253268076499 8.594270977773926
-0.6304089988233066 -9.65115135428393
-9.702539662737932 -0.4234028726032389
9.209606631497142 -1.7183945616722975
1.987897040754002 9.33748868962298
0.937077548092169 -9.984069309189668
-3.6405682026346944 8.511884454893107
-8.057673283156227 4.972789644953067
3.9439270428470286 10.479152295240645
-6.070089894818382 -9.220507896103383
5.2732427717295565 -9.948822915279372
-9.152227532671064 7.1850912486764535
9.976992947942428 -5.88067449270952
-6.8251609047439 9.55537551980229
7.98333490472157 -7.872267822301455
-8.51421214938262 -7.616780417250423
-13.052015578991027 -4.426053078199518
-11.400033964272447 -5.766857202708569
2.614162045382148 -34.22534661707936
-4.019040290571286 -35.1808476164215
-36.52278480639489 -1.885689132745328
-33.678737158926914 -5.562910861850621
12.450242045183899 -26.751510207024992
0.9783227614729229 37.249275982066735
-18.126741812435554 -22.612489389743516
-38.76318624905788 2.3268819198578368
-9.37899003888681 -31.561267259325845
-15.079597208851734 -26.111454400923428
-29.24867340568447 12.761686810199228
35.70126445325522 6.9885358231982
-35.79438530178235 6.710133827141076
16.938917622675632 25.859081639184215
30.089125380834034 12.969362741738358
9.793415833891856 0.4397956601333303
-10.60711120707152 -1.324260709896179
-8.603975083596408 4.259146374146498
3.716497493081171 -10.605088959604275
-6.070525332936017 8.043111042886892
10.59430606213397 -4.1102978765285805
-7.876324807902195 6.152647023805035
9.452852333117752 6.215358396168845
-11.555077333435701 -3.742496120098048
7.825283261076954 8.591974209880682
6.895320478155947 10.27647015653415
14.519385818748797 -23.14471471739116
36.39321393502225 2.188738457297638
-30.211611708859973 -8.21526976003661
20.64629600462662 -18.459455399939063
9.126488977800813 -29.723799269481496
26.497729864985743 -12.410288398306564
-26.313935643245834 -12.924815874123778
-24.406613121603687 -14.71415814448692
-19.92569049499673 -19.03929875367536
32.948509639989545 -8.058880587824556
9.701520360762876 29.99485058717327
21.29526198598669 19.181434259030013
-6.6613295151961145 33.81609766620802
-12.422960644248276 27.908103574870456
24.407813220820067 17.128440315405147
0.8853787589370047 9.329673515980966
-9.288290577313806 1.4307906791052118
-1.8566943583616913 9.26621123790627
-2.0810290708805876 -9.976073777039684
-9.488282833516312 2.5464877586380084
-2.7625069031157476 9.260149348472039
2.4966329276141557 10.36718138266087
10.613129200552661 -2.248567971266339
2.1448149834097525 -11.07715621115283
-3.5284626194783786 -10.27313737271771
-5.033735837601451 9.022095512007448
12.504682703655613 2.772648086780802
-5.107555914852079 -10.533725328552045
10.605625801625841 5.056899389015638
5.330485022740354 10.984740681913141
-7.789944923526941 -9.214613957497157
-10.170041229584752 -7.337380336225294
6.555897377853957 -10.861811205052147
-1.2968236285347476 -32.461802279857594
4.287524276295401 -30.11753719883231
-5.413737211663286 -32.010614015364084
35.30484123525788 -1.7443939780694047
3.1664545863795714 33.233472408171146
-24.989723245411952 12.670473942829027
-10.723240552801748 -27.597090166989037
-3.227439996993585 35.463935714924766
17.54079098538175 21.39767923358609
-31.025188643415035 8.457100738065146
25.71817581196107 13.717148495744915
31.357683231437193 8.582827167865188
-18.768384783029944 22.251933035770506
12.650469869255772 26.61850626876289
-22.838958123898767 19.975740404854502
-0.10221557601704806 9.307313614045835
-10.02396699666277 0.6727022582210671
10.121746842570074 -0.8472295613016808
-0.09711870255583116 -10.714584905833412
-10.82976093597204 -0.06467161414040282
11.031903930766067 1.0026290950455918
-9.585990316019606 3.8104980325617226
-11.737970888123137 -2.1930151592100056
-9.31451360401572 5.341070060789525
-7.484995386950633 7.734251839431483
5.0841219118644005 -11.661496665577067
9.671011212568294 8.068483410386156
9.442545346049153 -7.586300399835825
12.786731086521794 -5.846282539201311
8.509697283713654 -10.768452408662712
-32.396927326393936 -1.4399474494634374
-29.80479613079918 -4.1663654171679
10.792897513018621 -23.422149763649777
9.268671605637502 -26.065236996954873
16.189560139676882 -19.22637441818027
32.17091934226859 4.277276827454315
-26.6737379027427 -9.877750706960814
-14.411924904496736 -21.799253828037276
-20.944159659690044 -14.984679372187248
28.597781363370803 -8.026755521748598
31.763595152015288 -4.03810367597667
22.04002644253734 -14.144499435398686
-16.652607103465872 -19.59289943898044
-34.358793330127234 2.0025629769015554
6.011046615709408 30.980952144156493
-7.377415345869492 29.627091050583058
-14.799539130424797 23.61520606929572
-0.9836332563685121 9.855618703321271
1.4343644774307123 10.173230241918906
-1.156667013045711 -10.917425368514435
0.7218115051585209 -11.432255103237797
-3.743660043737141 9.901489941097326
11.769827375742471 -3.0951267206671096
11.667524303047795 3.8306283955286364
3.338195733079823 -12.24294864388348
2.496159826791169 12.721517063775078
-12.761155473595105 -3.006636870896867
4.277210689334208 12.276462548696573
-6.837081141382627 -10.72946394938694
11.0555115461268 6.736247004292667
6.289531101192039 12.22372330856722
-9.705669390735775 -9.039267074024572
8.994891860769325 9.960590544718976
-13.762702825358232 -6.296765000076145
-12.091671525575673 -8.42131741688892
6.3579916422376614 -26.700281300924846
32.334411669728496 0.23163685589670419
-23.271690255949526 -11.610821981844564
17.597639462965358 17.24725784415997
-3.3733471658554754 31.514208050197382
-11.397117790781202 -23.758034025117908
-6.927235383128227 -28.494540949707204
-0.45039360269631373 33.64193049478263
9.116399841623423 25.838601744366038
-26.880325692960795 9.14929226637125
21.284759613645843 14.629318036384765
-31.70751491715538 4.604764875787863
13.988173208486288 23.063394657299828
-22.311530628991992 15.537371000716961
27.13795388977505 9.736620837417261
10.81276507822633 -0.05946546720119825
-10.350329636463169 1.7345629420788142
11.290061881800971 -0.9671291162662887
-11.873997816753931 -0.7652987299683182
-2.2750675646878697 10.409264301612508
-10.682652030173516 2.9759438287579396
-2.4712020869075593 -11.343709137415878
12.48833797034906 1.3461057612271852
2.948834531409483 11.44953422368477
-4.0068422111120805 -11.765198407551903
-5.1804998971843155 10.736512623409373
12.292691498549765 -4.331584252101186
11.429135954013221 -7.184721191200966
6.913910605719506 -12.771578505569774
10.47189967184158 -9.336579753454265
0.46104280139361975 -28.74226257985939
-3.2869799819403402 -28.94005147440853
12.039258516033856 -19.870165739507303
-26.837697475886138 -6.240308373157569
17.597232604614554 -14.97938847739231
3.252733207688513 29.42648137541005
22.762735097546607 -10.036112792475675
-17.196301893493043 -16.476066820311768
28.228241688151634 5.73226017552619
-8.449319753621511 25.85538234511297
6.2579578417272455 27.826179247295133
-11.06324782560989 23.645874974768603
-18.535700715397315 17.732736378278194
-15.855853440361127 20.314824634628103
0.27271175771701434 10.430628427893359
-10.941173784235389 0.9408731199720315
-0.3544884981513539 -11.588970374611447
1.5327226166919776 11.400993981285346
12.078041712006303 -1.8915565041574764
1.639742904351451 -12.579881862966422
-13.27965506562917 -1.553950006888034
-10.878701124413318 4.519805472014249
13.283180037699843 3.940529168012073
-5.713517733945333 -12.12431345801959
-8.709365689251042 8.950572620259027
12.276590347324662 5.416716291989347
-14.177405161765476 -3.1121281473400337
4.712908636661727 -13.538605630494608
-11.944936382001234 7.993985423481113
-8.753957246191744 -10.834926568443288
-14.650917511209135 -4.62668856551555
11.466796537800038 8.33959092809725
8.325709309768136 11.897552998783796
10.733435044812065 9.552844040344938
-29.051770715433022 -0.7229068736604112
3.111513560441592 -26.531830321109105
7.625187840472928 -23.730637977259587
-23.726347307182472 -7.846188158489322
29.367875805865392 -1.2289024790769654
28.973984373595425 1.9401281208185988
0.20084918233365734 30.70661754337953
-20.122487115496135 -11.827566869484741
27.414238925679285 -3.8513620411756033
-13.593499320197287 -18.04915287988535
-4.197232369053785 28.486839708919277
-23.117775271573677 9.467001789255828
-7.983371742448256 -24.996945008975487
-11.61163810387919 -20.686597458640026
-30.945181351226307 1.6810837174310826
13.93161431072593 19.227267165677297
-28.283318498109793 5.313728625119084
-21.80079089493443 12.284846196566468
23.084859502928953 10.608585519376817
11.820726725507576 0.07409366433902327
-11.825496266576238 0.5203856321421501
-0.9682247786250162 11.126437394847079
-1.3020551995349818 -12.232240595783326
-3.5617627184604053 11.46887973826096
13.266865498072667 -2.8918749508269017
13.789202449720023 2.3723369610714977
13.918384821738822 -4.571788294378076
5.409236286635591 13.99898345485807
-6.962805329452353 11.870493009509808
13.213671787579967 -7.271789221325483
-10.909436028639927 -10.811697359930527
10.517234584451186 -11.328004689759764
9.430247515255274 -12.9763401549589
-15.3149962775852 -8.672588259833605
8.86536069826283 -20.971879735142995
-26.63533343187754 -2.828583699375927
13.447275556185291 -16.134049118377497
-4.767216689793318 -25.87605080158813
24.44033134164585 -6.564016322805306
19.36492508496211 -11.557939910203963
6.088011872986219 24.484174820759115
-17.719313582711063 -13.168938382758713
17.309572596398993 13.51549970587387
8.757593175642858 22.23511495254287
24.314908188586017 6.800088017891274
-5.700324488154282 26.758748271456593
-19.125760685027878 13.735665783175827
-12.791149941452877 20.627998253768148
0.06559947056254284 -12.651014538124924
12.287215944647246 -0.8298283966390473
-12.959721059395013 0.03241458519998434
-11.672321840467388 1.848835401197346
-2.747836475589219 -12.901870164478481
-12.114181796063164 3.402711835563703
2.7374870658116413 -13.99732206995002
-4.467452838632049 -13.41948646999604
-11.037975762203436 6.492443396222056
-10.481821383804064 8.441955401777118
-8.32385609465245 10.530356247655567
-7.582761744879846 -12.452316347795012
12.850880854732873 7.313497162088156
6.071831893521579 -14.72367805566423
7.497173565887071 13.900415122771635
12.695820712017722 -8.89543596626654
10.5121229927396 11.36819500892669
-16.06067398174782 -5.865423411319611
0.6778840007093238 -25.70386417286261
-23.959939484138893 -4.517123995856378
4.740415152805572 -24.038640438075394
0.5056914146546005 27.576570315859772
25.381767376282856 3.0524575036089683
-14.331774340578173 -14.033373915719975
-20.700003074961025 -9.112326053021125
3.3674307995618142 26.19395777767214
-8.562600227930805 -21.37259061002688
14.199378782280137 15.510684295021756
-24.598885496245767 6.209939980744034
-1.8994596074031511 28.803134427351154
-8.283553843893648 23.062019666414088
-14.372863645229582 17.32553313317335
0.11693764908495607 11.821032304462173
13.00623334652169 -0.04886856169491036
-2.0404935535201103 11.985862461387486
0.9688620144215965 12.841882379088297
13.234830346965612 -1.3159349883661937
13.968033191589724 0.8765714846067856
-15.118540547782251 -1.6236835846977655
-4.947097245688364 12.599575164746042
2.828962464817821 15.359092118016646
15.263595073846725 3.6292315887748106
-16.196879553458412 -3.430238148371793
14.186186693238206 5.615939747632881
14.448073090445625 -6.243070805277236
8.041021373878747 -14.871038896876295
-9.693257628866242 -12.766243718840819
13.014667513874812 10.01968149972568
12.030568234439864 -10.644093429562277
-13.37199692795012 -11.025614083650716
5.7376806581582445 -21.19087630668694
-26.191746922085766 0.22456881682967655
-1.7673382884481832 -26.068323498523903
26.331737781468526 -0.42350020635919505
10.871674942176943 -17.391564334378625
-17.967919299363032 -10.268217684469315
23.9642921444351 -2.821852330027781
-5.512133100271961 -22.899067852964215
14.834595648572922 -13.350210117753242
-10.08414937734249 -18.46630860739933
-2.6329787017255897 25.698437419483948
16.660873244834036 -11.976834816186436
21.470261605305755 -7.349795581173941
19.941225481008498 -8.957548652340828
18.54918557554989 9.156568914850451
-28.319882104740607 2.1809969975385117
-19.446398198958985 10.001673068321788
20.478360772081572 7.769806178272288
10.166935063315275 18.659857608338083
-5.8401110109526 24.09664018585584
-9.622170765894818 20.776958386231513
-12.671282875251075 1.1391394420602081
0.8370891655427868 -14.08228672048287
-1.1421368472334534 -13.995421783408094
-14.323271856782965 -0.20054484307907058
-12.529808612339517 5.101784641984945
15.034001726586354 -3.2475953344382766
4.139910615999459 -15.837424800164886
-6.273653442873333 -13.851744417494691
-9.979040456403334 10.256945442639317
-9.134884184835938 12.017310128740538
6.463695981479528 15.733715602408855
9.759704522063428 13.646346550721127
14.708046865677469 -8.186322757062051
-23.95155142194076 -1.5575186426281107
12.147873972531622 -12.912355527221957
2.1563221050610863 -23.898164659777578
-20.902462209453965 -5.7264047142369385
-15.74273712465582 -11.43268991426252
21.550716573344182 3.89312616844345
14.663454716710403 12.480394347493375
-10.853949133399832 -15.304686407487102
3.351633292369526 23.222253005883477
5.669098909356513 21.557794148656725
-20.975431213109914 6.4741110615958215
-14.061311270046494 14.128643929690456
-25.613439272469364 3.1313983392489773
-11.021191258268521 18.066146286016753
-0.8929569221944857 12.25563821439011
-13.114782361712276 2.237960242207652
1.7294655101084562 14.284685396497661
-3.175350103979598 13.179035328514974
14.533365308161125 -1.7879929426811156
15.216361410694592 1.664611420053592
-3.0909484452482356 -14.661968301832836
-6.228700539767583 13.774081396931912
15.677611148128136 -4.867924189910763
-8.218540938833337 -14.413943595088433
15.093600770207583 7.744225361832615
6.558995879872487 -16.602355481853365
-18.233201001213327 -4.7644878146761585
-0.5619835459912905 -23.28909255513872
3.4661961999569892 -22.18882495786611
-11.833451049984172 -12.787102471188435
22.865892703211266 0.3695499382735137
-18.19807196059017 -7.4011034328145415
10.458564175507732 -15.205625439925816
12.235151450339234 13.121114460512059
7.408848649926502 -18.820976445875207
0.743601103389775 24.593978755320656
-3.1150505129076445 -23.87247819418438
11.248845579163836 15.68679606048298
-5.6764174581398 -20.049479218387273
-7.660614996551799 -18.76950580101162
21.281670215803597 -4.595194785665469
17.185708913167854 -9.24747172417437
16.544573195702338 10.22248787774948
7.40388125838172 19.825669365694868
-6.4354693420098315 20.9127964531239
-16.18727981919209 11.880239236369524
19.545865538357692 10.986025276512107
-16.458756955489594 14.962894603334929
-0.20517583736330974 12.869133801422942
-13.779731107269619 1.063237661491035
14.229666838734666 -0.44566911418979266
1.7654067865369194 -15.707881031168155
-15.837658776884414 -0.049561140935811605
-13.800313243993903 3.7387527186490113
-16.89057105485351 -1.389780767991014
-12.954216970507595 6.867348181002872
-4.964916376737852 -15.219967978587354
-12.058236427092904 9.773788361400053
4.198544592727104 17.41360086165578
16.336168853371433 5.643834839195061
-8.088160303257197 13.876806754938993
-21.69374670876103 -2.9095673606307133
16.381325886069792 -6.711133176367331
8.730798345021446 15.89061227464541
14.322998131269113 -10.745303395100049
-23.564044604763385 1.1364418874787614
18.662399964408657 5.292411000368796
-3.532306147912445 22.263657286295548
-18.347214808587704 7.336876786677035
18.918562551515024 -6.592277699068487
-22.70813039545848 3.7146645854221223
-8.128138740032021 18.324845661581794
-11.871361923337043 15.42542883207059
0.14880235055170005 13.950563246345638
-1.3617306537331924 13.474170472126586
-0.03534232516246119 -15.569046857087
15.068247039784774 0.36808681449986397
-1.7123303521341675 -15.878836657640168
1.5877272063523729 15.909930004144709
15.868693948761175 -2.059698389436824
-4.564220881558359 14.565015525691475
16.83698503560895 2.227321506934748
16.93235063418037 -3.305245166636373
-18.23902098317184 -2.625610490881972
4.881284164223385 -18.417172228442052
-6.687131274409226 -15.489443418157894
1.5164376354605256 -21.648393797319088
3.1905990266609217 -20.176787362523292
-11.1562442951775 11.826460754078072
1.0094606467260987 21.877854512494267
20.33202640605815 1.0940297595398163
21.435440320251004 -1.864655417862299
-2.956699743661778 -21.242390523093345
5.178902718960988 18.95647718257771
3.2295174924831356 20.598253478087216
-1.1398155998269965 22.964817174396423
-16.555687053185736 8.82334794263959
8.821440482599497 -16.94822820808308
-14.644867528178594 2.2426629641549787
15.558079013998846 -0.7673636010045133
-3.5026852394793235 -16.56602792434671
2.2631136142372315 -17.88204351051865
2.9032784329292363 16.742928817564398
-14.385826042675916 5.594428623555196
-13.184820205243529 8.39560617468555
17.18150508914021 3.933024623708435
-21.652064292812813 -0.45566532022920864
-6.573049703021987 15.953747775825779
5.497430625473757 17.11921012309245
-5.758884465078269 -17.342023614088525
18.816201018008694 -4.1544113488958665
-18.365777214771434 5.007867938150584
17.346273491102618 -5.1265584362767225
-3.8554799643314337 19.51654327399041
-5.77668008552979 18.324102636652928
-10.288977249413568 13.73914433368676
7.2411527588521984 17.700581069366912
-9.330259804995869 15.899524113314676
17.613849565796478 7.639950044059351
0.5578098867551528 15.131088174655266
0.6600666603322227 -16.887502594959702
16.360170503466097 0.5100819549485239
-2.5681330559785103 14.976881045837665
-17.5246683512481 0.35865749419204807
-18.419687286637462 -0.9641242015132084
-0.4311091469568472 -20.606158712783593
-1.28419402329467 20.3686579736424
-3.596410167823111 -18.686163652422707
-16.38374595166876 6.374855736664926
-21.254967848105043 1.7567300983897804
-14.325544762344363 9.71486158498977
-13.323623511806327 11.78525985838512
-0.7897160838167654 15.097480502048493
-0.6105073939657623 -16.87210701214309
-16.20365931564826 1.6281318392858326
1.3937288539805344 17.52555116543883
17.27832430691712 -1.1905311825036815
-16.005297276018066 3.8586285540030025
1.2911126253575687 -19.74373738546723
19.52932059833411 -0.979231307140434
18.19101577539162 0.7553085681411399
1.1575732717041964 19.49554805928835
3.0100034645373435 18.458120730549744
-3.883740541466317 16.900085133941666
18.795229012050772 2.8667842830438635
-12.14216048730138 13.382220336089265
0.1179627066276508 16.406598533467687
-19.54535850461218 0.5032280792211432
18.49574307771395 -2.4891781522655063
-1.7899979007208418 -19.311598547572114
-18.24350000395343 2.4277646075410186
-2.212975479764087 18.3125386239514
-19.819963471879884 2.0655351833165163
-14.633221100254222 7.62834664731093
-0.07335559856087023 -18.415431660680216
-1.6256584331465156 16.63849598995449
-0.4098912383031764 18.126916694309834
19.91362652522605 -2.816589351618655
0.26365783177443236 -1.4673166532109598
-1.4797426211554132 -0.27885770497112544
-1.8194125708710474 -0.28186707834986285
-1.7469089906701962 -0.41693356237336526
0.6442002485162281 -1.7275207965146464
1.714657659733365 0.7613996959141697
0.99812945692957 -1.5774159497812728
0.8593616936205303 -1.7080806992744004
1.5518676632643735 1.0878344158826065
1.698994364301401 0.9554212879774889
-2.422092063289877 0.17554045500299825
4.174702623664535 9.247624672194318
-8.729365046372966 -4.429612496548933
11.286869431667476 2.370106969767283
-14.958856365986499 0.935650570430971
11.416306724708022 -5.471327770819346
3.5236794813990175 14.071208477654203
-1.8826973048723197 -17.619528522670414
4.403432177176747 15.778906571512895
-19.892118913456805 -1.665037138178629
21.043314730028857 -0.3447738923974646
-20.229686620493396 3.574657910532486
-19.793659223394346 -3.5381304807639236
-8.212168277237936 -16.628930316697684
9.599560793823752 -18.80016753403697
12.38916539575358 17.27458975805133
1.5147084490160125 -31.38529710971144
-29.817070488916645 3.4473444476776574
11.617239706218637 21.40928581951148
25.576514402679305 -9.260655052286081
11.228740185434242 23.838198383173236
39.69158939973803 1.9866177987408058
4.495819445881499 36.18480451752654
-6.169621722433963 36.97822422054962
-0.8528536015372884 -44.598639367404616
-8.985553607174625 36.26030402226614
11.279528912210614 33.18284822161977
-0.9589638807148503 -47.69655123059792
-7.312903637077331 -42.053928589155454
-36.59854497150119 -14.87768314959016
-26.364526086339257 27.775134553133526
3.3674663975564485 -49.21411178991025
-17.76814545442658 37.556675036361455
12.504248247582753 -42.40416632716456
3.2480638972938065 -53.5937528890731
-16.3688151714601 41.21260581175442
-51.57760200751568 -16.02300933857346
-41.78297313729322 -22.86305915462853
-10.395271621372174 -55.523440922404006
35.10276385049043 -28.4156496371353
-35.738573682750186 31.406074310181754
29.3667333580302 -44.12194176136129
-31.465478963509103 42.026168294676076
66.74629315738395 14.104700249694291
35.81037374228069 -46.14714532580177
-51.025108316547566 31.74666532947582
-22.231670120441528 -67.10737410093414
19.982769370640494 69.05334696814674
48.1314637572259 -40.99661149258179
-75.89788545059129 -19.37366479615436
19.619626331645023 75.55512216656021
74.48443215504902 -16.607001412931766
-30.661518686749577 -68.72288349777772
44.31703859998465 -47.98331324076892
62.657956360227125 42.07148812461758
-33.30250529814844 -79.37641314260277
-64.71362223420394 -42.51530583634481
-34.945967639229494 -91.19268431077028
-36.344560300705226 -102.43080002691892
12.887966317982588 127.9814652181954
-15.124288257923991 143.71469176842086
