128 14 136
40 157 158
8 155 7
381 292 382
121 34 118
445 548 440
33 34 121
12 123 11
87 88 179
123 331 130
175 182 279
431 336 422
276 279 379
124 22 23
119 124 23
70 201 208
179 308 187
80 209 79
79 207 78
84 85 182
27 143 138
127 243 236
134 32 126
37 135 36
24 25 125
304 176 183
126 33 121
209 207 79
263 254 357
196 48 200
74 190 73
132 21 22
65 184 64
42 151 41
181 55 56
122 117 1
407 302 318
3 129 2
272 260 158
44 117 133
287 180 222
347 240 344
133 117 233
180 108 109
148 137 4
120 13 128
137 148 249
165 46 47
145 152 256
215 103 216
43 133 142
45 117 44
129 122 2
43 142 42
44 133 43
42 142 151
127 118 35
200 49 202
165 196 293
167 55 181
36 127 35
131 239 125
284 339 169
134 126 240
145 256 247
135 127 36
31 32 134
344 237 340
212 59 213
351 2273 429
32 33 126
24 125 119
25 26 131
153 265 146
146 16 153
153 17 159
68 220 67
92 176 173
141 150 20
82 171 161
69 230 68
30 31 140
164 100 195
149 266 155
291 195 214
26 138 131
141 20 21
136 14 15
179 88 174
170 277 294
128 13 14
146 15 16
154 160 262
182 285 279
331 241 130
174 89 170
269 265 153
226 113 114
91 173 168
251 261 141
195 100 101
81 185 80
9 139 149
172 116 163
273 330 163
12 120 123
11 130 10
9 149 8
133 233 334
7 155 160
166 108 180
41 157 40
129 244 238
163 46 165
145 135 37
41 151 157
1 117 45
2 122 1
35 118 34
224 316 223
23 24 119
124 132 22
13 120 12
195 101 214
162 192 63
72 191 71
137 129 3
214 101 102
8 149 155
11 123 130
189 95 186
150 19 20
25 131 125
239 234 125
28 147 143
72 169 191
211 57 58
264 372 268
234 342 416
81 161 185
4 137 3
227 114 115
10 139 9
10 130 139
26 27 138
208 201 301
132 141 21
166 337 290
181 56 210
193 206 53
28 29 147
67 220 231
38 145 37
210 57 211
156 159 18
156 18 19
5 148 4
133 334 252
140 31 134
281 161 274
224 198 312
180 109 222
144 30 140
27 28 143
136 15 146
178 98 99
237 121 232
70 208 69
332 132 124
29 30 144
199 190 74
71 191 201
165 47 196
202 50 203
153 16 17
78 229 77
147 29 144
185 281 209
194 218 106
154 262 257
154 148 5
6 154 5
164 178 99
150 156 19
152 145 38
39 152 38
167 193 54
142 252 264
159 17 18
83 175 171
166 194 107
172 295 227
160 154 6
7 160 6
89 90 170
242 251 132
158 152 39
40 158 39
295 226 227
210 56 57
91 92 173
170 90 168
216 103 104
115 116 172
81 82 161
271 267 370
64 162 63
127 135 243
116 46 163
238 233 122
164 99 100
360 353 257
196 47 48
200 48 49
166 107 108
198 113 226
167 54 55
211 58 212
90 91 168
93 94 183
73 169 72
274 377 378
82 83 171
240 237 344
466 361 369
88 89 174
306 205 206
331 235 417
92 93 176
94 95 189
242 132 332
83 84 175
443 418 355
159 269 153
128 235 120
255 355 245
96 97 177
290 218 194
278 164 336
177 97 197
188 86 187
85 86 188
166 180 287
222 109 110
305 322 219
213 59 60
234 119 125
84 182 175
255 245 136
93 183 176
340 236 343
184 162 64
357 254 354
204 199 75
186 96 177
95 96 186
187 87 179
86 87 187
85 188 182
258 138 143
94 189 183
235 123 120
75 199 74
190 169 73
71 201 70
162 288 192
219 61 221
192 62 63
412 415 323
193 53 54
290 307 218
194 106 107
214 102 215
255 358 355
129 238 122
203 50 51
178 197 98
197 97 98
133 252 142
198 112 113
454 533 369
76 204 75
293 196 200
202 49 50
191 283 201
121 118 232
148 257 249
203 51 205
324 216 217
343 236 243
124 119 234
229 228 77
167 181 286
205 51 52
206 205 52
206 52 53
234 416 332
301 201 283
140 134 246
69 208 230
80 185 209
321 230 208
289 206 193
359 352 256
212 58 59
225 280 184
210 211 297
246 240 347
135 247 243
236 118 127
381 382 473
215 102 103
130 241 250
216 104 217
245 333 128
267 156 150
560 668 621
217 104 105
218 217 105
218 105 106
219 60 61
213 60 219
66 225 65
199 204 300
192 221 62
221 61 62
223 111 224
129 137 244
223 110 111
222 110 223
198 224 112
224 111 112
246 134 240
225 184 65
172 227 115
310 293 200
227 226 114
392 498 412
228 204 76
77 228 76
78 207 229
345 239 248
68 230 220
126 121 237
231 225 66
67 231 66
135 145 247
232 118 236
165 293 273
233 117 122
239 131 248
248 138 258
136 245 128
363 261 251
243 247 348
280 162 184
598 520 432
240 126 237
155 266 270
249 349 244
248 131 138
185 161 281
286 181 210
288 305 221
292 177 197
139 250 259
251 141 132
146 255 136
152 260 256
157 268 272
252 334 419
137 249 244
278 197 178
265 255 146
284 169 190
229 328 228
260 366 359
393 290 423
144 140 253
253 140 246
130 250 139
334 233 341
148 154 257
139 259 149
459 613 532
261 150 141
142 264 151
167 289 193
147 144 254
254 144 253
199 284 190
168 277 170
182 188 285
171 276 274
152 158 260
157 272 158
164 278 178
270 262 160
254 263 147
263 143 147
255 265 358
149 259 266
210 297 286
414 309 325
2273 363 251
275 296 384
330 172 163
349 346 244
191 169 283
258 143 263
151 264 268
151 268 157
275 173 296
261 267 150
426 543 503
155 270 160
271 159 156
171 175 276
247 256 352
517 420 388
269 159 271
267 271 156
166 290 194
249 257 353
241 331 417
307 217 218
288 221 192
247 352 348
273 163 165
388 420 280
161 171 274
168 275 277
275 168 173
400 285 315
267 261 364
174 294 298
175 279 276
408 507 409
186 177 282
296 173 176
402 379 279
315 285 188
232 236 340
302 280 225
416 242 332
209 303 207
313 189 186
278 292 197
231 302 225
339 283 169
199 300 284
342 239 345
170 294 174
429 242 416
323 203 205
380 273 293
164 195 291
299 222 223
421 394 288
305 219 221
202 310 200
289 306 206
166 287 337
401 487 481
330 383 295
346 238 244
336 164 291
282 177 292
167 286 338
167 338 289
179 298 308
174 298 179
2272 430 350
287 222 299
393 482 499
296 176 304
212 317 211
232 340 237
276 379 377
294 390 298
336 291 422
316 299 223
209 281 303
207 319 229
493 389 486
220 318 231
301 321 208
230 329 220
207 303 319
228 320 204
311 183 189
304 183 311
317 297 211
406 297 317
330 376 383
260 272 366
309 291 214
215 309 214
187 315 188
627 637 537
422 291 397
307 324 217
490 387 406
306 323 205
282 313 186
403 304 311
314 198 226
312 198 314
313 311 189
431 537 473
295 314 226
415 310 326
308 315 187
401 400 308
405 312 404
224 312 316
441 348 449
317 212 327
329 318 220
318 302 231
328 320 228
354 356 450
319 408 328
320 300 204
344 438 442
388 302 407
420 335 280
322 213 219
424 289 338
310 202 326
423 503 482
309 215 325
324 325 216
325 215 216
323 326 203
326 202 203
322 327 213
327 212 213
229 319 328
328 409 320
230 321 329
321 410 329
341 428 439
172 330 295
123 235 331
561 716 622
234 332 124
342 234 239
418 333 245
333 235 128
513 606 457
341 233 238
162 335 288
162 280 335
417 235 333
419 439 446
287 299 391
351 429 511
410 506 407
243 348 343
319 303 408
283 339 425
246 356 253
356 354 253
373 367 270
419 365 252
369 258 263
345 248 361
442 547 550
268 374 272
321 301 410
246 347 356
361 248 258
435 396 275
249 353 349
448 349 353
490 594 524
354 254 253
327 406 317
305 411 322
372 2281 2280
559 554 456
241 430 2272
266 373 270
351 363 2273
410 407 329
374 366 272
260 359 256
262 360 257
360 452 353
283 425 389
451 352 359
397 291 309
308 400 315
302 388 280
274 378 281
548 445 608
408 303 386
375 269 271
408 386 492
268 372 374
419 334 341
262 367 360
250 362 259
361 258 369
357 369 263
259 371 266
262 270 367
271 370 375
364 261 363
265 269 368
265 368 358
252 365 264
394 500 411
264 365 372
449 348 352
259 362 371
266 371 373
370 267 364
368 269 375
354 450 357
450 555 454
282 399 313
384 296 304
346 349 444
413 414 324
297 387 286
419 446 365
307 290 393
376 273 380
395 380 293
394 421 475
399 403 311
473 382 431
376 330 273
238 346 428
274 276 377
485 403 399
492 386 540
409 300 320
294 277 390
434 402 285
427 338 286
392 289 424
282 292 381
382 336 431
336 382 278
382 292 278
295 398 314
295 383 398
399 311 313
298 401 308
284 385 339
284 300 385
386 303 281
378 386 281
306 289 392
504 483 424
539 628 475
340 343 437
283 389 301
445 345 361
396 277 275
476 377 379
287 426 337
488 633 543
310 395 293
346 444 512
397 478 422
423 290 337
406 327 411
394 305 288
306 412 323
306 392 412
390 277 436
384 403 480
307 413 324
307 393 413
316 405 299
316 312 405
384 435 275
487 390 523
285 402 279
465 461 560
378 471 489
298 390 401
400 434 285
401 390 487
282 381 433
384 304 403
404 312 314
398 404 314
405 491 391
299 405 391
411 327 322
387 297 406
597 501 509
329 407 318
438 547 442
328 408 409
409 385 300
433 518 399
494 517 388
301 389 410
305 394 411
394 475 500
395 415 501
415 326 323
733 854 802
414 325 324
422 514 431
397 309 414
395 541 495
395 310 415
440 345 445
345 440 342
417 333 418
355 418 245
250 2272 362
241 417 430
238 428 341
341 439 419
335 421 288
437 343 441
344 442 347
340 438 344
525 418 443
682 676 572
287 391 426
443 355 528
387 427 286
374 463 366
515 379 434
408 492 507
350 430 510
452 448 353
536 463 374
346 512 428
444 349 448
526 439 428
429 416 440
440 416 342
430 417 418
393 499 413
422 478 514
355 358 453
432 425 339
385 432 339
430 418 525
282 433 399
462 375 534
434 379 402
436 277 396
455 358 368
435 436 396
461 370 364
340 437 438
438 544 547
441 343 348
451 359 456
512 526 428
444 552 512
459 532 2275
471 377 476
449 352 451
456 359 366
420 474 335
669 619 713
535 464 373
476 379 515
498 597 509
513 457 2276
459 2274 551
363 460 364
472 538 376
495 380 395
447 356 347
442 447 347
372 2277 2281
497 484 576
411 505 406
506 493 587
357 454 369
357 450 454
463 456 366
501 630 541
367 458 360
458 452 360
556 455 462
453 358 455
506 494 407
530 356 447
461 465 370
499 582 596
2277 531 468
463 619 559
2278 2279 469
602 605 650
2276 2279 371
397 414 502
363 532 460
564 515 639
460 461 364
455 368 462
462 368 375
516 433 381
2274 2275 351
465 375 370
405 404 497
479 383 376
367 464 458
367 373 464
560 461 460
481 519 400
517 494 572
511 429 527
502 414 508
2279 2278 371
477 383 479
365 531 2277
398 383 477
795 846 701
664 554 559
630 571 541
377 471 378
608 445 529
472 376 380
512 604 526
658 528 609
602 525 443
425 432 520
474 421 335
463 559 456
472 380 495
568 540 489
401 481 400
458 464 558
337 503 423
391 488 426
426 488 543
786 778 686
482 646 582
384 522 435
480 403 485
805 926 854
523 390 436
669 763 758
482 393 423
483 392 424
504 424 338
484 398 477
404 398 484
518 485 399
606 650 729
410 389 493
425 486 389
663 466 618
384 480 522
337 426 503
448 452 553
660 665 610
378 489 386
850 992 923
427 504 338
405 497 491
491 488 391
442 550 447
432 385 521
595 496 507
521 598 432
494 388 407
475 421 539
501 415 509
392 483 498
521 385 496
496 385 409
497 404 484
571 674 626
395 501 541
509 415 412
590 497 576
397 502 478
591 684 690
411 500 505
571 495 541
607 531 446
478 502 575
508 414 413
484 477 569
661 553 557
387 524 427
387 490 524
505 490 406
524 648 601
486 581 588
410 493 506
507 496 409
540 386 489
499 508 413
478 575 566
498 509 412
583 498 483
570 687 577
362 2276 371
459 2275 2274
445 361 529
667 661 557
557 553 452
350 513 362
469 535 2278
473 516 381
453 455 556
580 481 487
751 654 655
480 485 577
570 485 518
438 437 544
474 420 517
528 355 453
510 525 602
710 709 807
519 434 400
450 356 530
425 520 486
611 529 466
608 529 611
519 585 434
436 542 523
519 481 573
534 465 621
490 586 594
524 504 427
616 467 457
510 430 525
448 553 552
365 446 531
548 527 440
527 429 440
431 514 537
620 464 535
471 568 489
529 361 466
550 530 447
533 466 369
604 546 526
2280 2281 470
609 662 731
436 435 542
618 614 711
614 618 533
542 435 522
534 375 465
538 479 376
439 546 446
449 451 554
554 451 456
590 696 593
528 453 609
607 612 531
439 526 546
624 715 764
539 421 474
613 615 532
555 614 454
521 584 644
472 495 571
602 443 605
577 485 570
604 656 651
569 477 567
544 437 545
545 437 441
550 547 653
500 475 574
448 552 444
625 535 469
549 441 449
545 441 549
551 511 603
618 466 533
747 652 748
1035 1068 976
628 574 475
539 565 628
521 496 584
480 577 579
512 552 604
463 536 619
651 749 706
458 557 452
517 2342 565
725 594 699
649 544 545
450 610 555
622 467 616
473 537 563
514 566 627
458 558 557
605 443 528
473 563 516
491 593 488
536 624 619
615 560 460
459 635 613
514 627 537
646 727 743
673 677 567
498 583 597
566 672 627
570 641 687
564 471 476
515 564 476
565 539 474
517 565 474
514 478 566
499 596 508
567 477 479
538 567 479
492 629 592
683 592 629
576 484 569
558 464 620
433 578 518
433 516 578
538 472 626
538 626 567
486 520 581
486 588 493
471 638 568
480 579 522
500 591 505
586 490 505
798 724 844
575 502 596
491 497 590
543 645 599
615 710 668
672 717 627
516 563 640
641 570 518
573 481 580
522 631 542
632 695 580
523 580 487
450 530 610
752 703 634
566 575 678
482 582 499
558 620 667
591 586 505
707 655 608
492 592 507
560 615 668
585 515 434
524 601 504
1079 1008 940
506 587 589
649 747 653
587 588 697
587 493 588
589 572 494
506 589 494
625 714 620
491 590 593
574 628 675
500 574 591
718 564 639
584 496 595
503 543 599
503 599 482
647 483 600
601 600 504
592 595 507
521 644 598
637 767 719
596 502 508
501 597 630
864 562 760
638 679 568
711 614 665
488 593 633
482 599 646
600 483 504
789 698 722
524 594 648
583 483 647
350 510 606
350 606 513
548 603 527
603 511 527
612 468 531
546 607 446
561 622 712
609 453 556
606 657 457
510 650 606
562 623 666
546 651 607
492 540 629
614 533 454
615 613 710
510 602 650
679 629 568
660 530 636
671 565 676
573 642 519
625 469 622
546 604 651
621 465 560
532 615 460
611 466 663
698 588 581
522 579 631
662 556 617
738 621 668
609 731 658
617 556 462
534 617 462
679 683 629
598 643 520
536 470 624
619 669 559
666 468 612
826 758 901
542 632 523
632 580 523
622 469 467
620 535 625
623 624 470
468 623 470
545 652 649
790 690 782
604 552 656
543 633 645
626 472 571
549 703 652
657 616 457
516 640 578
547 544 649
713 619 624
459 551 635
629 540 568
571 680 674
823 656 753
668 761 738
621 670 534
731 662 804
781 689 683
677 569 567
681 569 677
634 549 449
554 634 449
548 608 655
471 564 638
636 530 550
665 555 610
818 746 691
637 563 537
704 551 654
639 515 585
613 635 709
691 746 631
578 641 518
687 691 579
719 563 637
719 720 640
709 635 754
642 585 519
610 530 660
643 581 520
611 707 608
752 824 703
706 612 607
712 622 616
685 575 596
819 886 788
651 706 607
571 630 680
686 680 630
833 962 906
545 549 652
549 634 703
609 556 662
729 799 657
868 813 866
623 468 666
653 547 649
653 705 550
591 574 684
676 682 773
825 2282 898
551 603 654
654 603 655
548 655 603
552 553 659
552 659 656
605 528 658
712 616 732
732 616 657
650 605 730
659 553 661
558 667 557
614 555 665
587 697 688
677 673 770
593 700 633
741 641 720
687 579 577
754 704 825
775 781 683
756 665 660
669 664 559
860 758 763
517 572 2342
813 673 739
612 706 735
612 735 666
753 659 755
670 617 534
670 621 738
699 594 586
628 565 671
908 1024 928
691 631 579
734 660 636
634 554 708
646 693 582
566 678 672
593 696 700
626 673 567
597 694 686
826 752 708
684 574 675
2341 628 671
589 682 572
723 584 595
714 667 620
576 569 681
693 685 596
678 575 685
675 769 777
635 551 704
597 686 630
783 792 696
590 576 696
696 576 681
587 688 589
688 682 589
592 683 689
592 689 595
648 594 725
591 690 586
582 693 596
730 605 658
626 674 739
597 583 694
692 573 580
642 573 692
826 897 752
815 740 867
663 618 736
689 723 595
690 699 586
900 927 829
861 902 957
800 730 658
663 733 611
687 784 691
651 656 823
739 814 866
648 725 728
694 583 647
632 542 702
695 692 580
681 677 776
700 724 633
697 588 698
649 652 747
653 747 750
726 643 598
701 647 600
601 701 600
626 739 673
816 720 719
682 780 773
623 715 624
746 702 631
702 542 631
705 636 550
708 554 664
613 709 710
738 761 832
705 734 636
769 671 768
724 645 633
753 656 659
733 707 611
751 704 654
624 764 713
676 773 768
638 564 718
639 585 721
738 809 670
668 710 761
653 750 705
759 711 665
640 563 719
716 625 622
623 562 715
882 889 782
672 678 774
861 957 931
674 680 771
770 673 813
646 599 727
672 774 766
646 743 693
717 637 627
886 838 788
822 890 795
578 720 641
578 640 720
687 641 741
785 779 685
817 639 721
721 585 642
722 581 643
698 581 722
644 726 598
644 584 723
727 599 645
706 801 735
648 728 601
728 701 601
663 736 805
736 618 711
637 717 767
785 839 879
680 778 771
669 713 763
650 730 729
606 729 657
729 730 799
799 732 657
810 716 561
693 743 785
779 678 685
741 720 816
754 635 704
707 751 655
748 847 747
734 756 660
651 823 749
667 757 661
775 683 679
809 737 670
617 737 662
617 670 737
745 695 632
702 745 632
783 881 887
853 855 953
740 638 718
679 638 740
804 662 737
687 741 784
742 721 642
692 742 642
727 645 798
792 700 696
706 749 801
744 694 647
766 835 717
788 692 695
710 807 761
746 745 702
748 652 703
768 773 870
708 752 634
734 705 803
755 659 661
762 667 714
758 708 664
803 705 750
733 805 854
718 639 772
888 791 789
669 758 664
757 755 661
801 749 848
740 815 679
880 781 775
1048 953 1049
562 666 760
756 759 665
830 713 764
757 667 762
674 771 814
803 750 850
675 628 2341
847 750 747
802 751 707
694 786 686
760 666 735
812 740 718
742 692 788
765 625 716
714 625 765
675 777 684
777 782 684
793 699 790
769 872 777
681 776 783
848 749 823
712 806 810
672 766 717
1095 1025 963
816 719 836
671 676 768
850 750 847
782 690 684
699 690 790
681 783 696
680 686 778
715 562 811
755 853 753
709 827 807
2282 802 898
796 722 643
682 688 780
776 881 783
774 678 779
733 802 707
862 759 856
794 724 700
776 677 770
1077 979 1036
954 859 956
694 744 786
822 795 728
693 785 685
727 798 820
787 688 697
780 688 787
726 796 643
723 689 781
995 927 900
725 822 728
887 919 792
834 765 716
745 819 695
819 917 886
987 889 986
849 894 944
824 893 748
728 795 701
796 726 845
726 644 797
819 788 695
784 818 691
711 808 736
789 791 698
763 713 830
725 699 793
787 697 791
791 697 698
798 645 724
792 794 700
974 967 870
889 790 782
906 830 764
810 834 716
795 821 846
850 893 991
856 759 756
797 644 723
951 854 926
808 759 862
727 820 743
948 1048 1046
731 800 658
730 800 799
737 809 857
766 911 835
674 814 739
899 801 848
663 805 733
711 759 808
803 829 734
824 748 703
896 1013 950
712 810 561
815 775 679
736 808 858
712 732 806
799 849 732
772 812 718
761 807 861
850 847 893
789 722 842
836 719 767
738 832 863
770 874 776
835 767 717
701 846 647
903 952 1020
815 875 775
772 639 817
859 855 757
922 744 846
844 724 794
811 562 864
867 740 812
1030 1002 1098
731 804 851
784 741 837
1022 927 995
742 817 721
838 914 817
738 863 809
815 867 875
843 745 746
743 820 839
771 778 876
903 864 760
844 941 891
901 860 955
725 793 822
762 831 904
907 765 834
758 826 708
829 756 734
984 918 885
709 754 827
909 811 864
970 875 867
761 861 832
807 902 861
828 735 801
760 735 828
768 870 865
842 722 796
764 715 833
833 715 811
831 714 765
762 714 831
818 843 746
2339 837 2340
876 883 977
770 813 868
743 839 785
820 916 839
844 794 919
948 1046 946
1035 976 938
837 741 2340
913 816 836
799 800 894
838 817 742
788 838 742
767 912 836
924 851 804
771 876 871
840 786 744
841 797 723
781 841 723
845 726 797
829 856 756
819 745 843
837 885 784
853 953 948
839 916 938
796 920 842
807 827 902
922 840 744
846 744 647
921 845 797
893 847 748
739 866 813
755 855 853
731 851 800
766 774 873
905 860 763
943 824 897
849 852 732
852 806 732
799 894 849
737 857 804
755 757 855
853 895 753
808 862 930
736 858 805
762 859 757
956 859 904
825 945 896
884 787 791
918 843 818
894 851 947
875 880 775
825 898 945
895 946 848
844 891 798
905 830 906
920 940 842
915 1041 988
931 832 861
769 865 872
884 791 888
885 818 784
766 873 911
1128 1072 1005
770 868 874
768 865 769
830 905 763
778 786 883
771 871 814
754 825 896
812 772 869
828 801 899
1005 980 874
869 772 877
867 812 934
773 878 870
773 780 878
814 871 935
989 840 922
991 893 943
777 882 782
857 924 804
785 879 779
776 874 881
891 820 798
934 970 867
914 972 877
778 883 876
883 786 840
857 996 924
877 772 817
780 787 884
780 884 878
879 774 779
873 774 879
754 896 827
915 781 880
762 904 859
783 887 792
889 793 790
850 991 992
942 922 821
952 899 1015
893 824 943
841 988 921
819 843 917
885 918 818
914 877 817
863 832 932
1139 1205 1113
946 899 848
842 888 789
934 869 1002
1044 991 943
793 892 822
821 922 846
793 889 892
919 794 792
904 831 961
967 974 1064
822 892 890
897 826 949
897 824 752
800 851 894
996 929 1053
848 823 895
895 823 753
898 802 854
825 704 2282
901 758 860
777 872 979
841 781 915
872 968 1036
828 903 760
905 1000 959
927 856 829
803 900 829
803 850 923
803 923 900
1006 914 937
841 915 988
1025 961 907
814 935 866
1128 1155 1222
831 765 907
833 906 764
959 860 905
952 903 828
833 811 909
767 835 912
908 928 925
963 834 933
925 806 852
935 1003 966
1000 906 962
820 891 916
839 938 879
879 976 873
809 929 857
835 965 912
912 973 836
835 911 965
1007 1035 938
2337 936 2339
902 950 1019
796 845 920
841 921 797
973 912 1032
969 911 873
849 944 852
934 812 869
843 918 917
908 1094 1024
1003 871 971
844 919 941
1000 1060 1058
1081 991 1044
1085 951 1021
805 858 926
942 821 795
890 942 795
878 974 870
901 955 1017
809 863 929
1024 933 928
993 925 852
944 993 852
1021 926 997
865 967 968
997 858 930
808 930 858
928 810 806
928 806 925
972 869 877
924 996 1018
930 862 999
958 856 927
932 832 931
857 929 996
885 837 936
998 863 932
933 834 810
928 933 810
970 975 875
915 880 975
1084 952 1015
883 840 939
993 1047 925
936 984 885
937 914 838
886 937 838
954 855 859
976 969 873
962 909 1027
935 871 1003
862 856 958
940 888 842
985 916 891
941 985 891
890 1012 942
1012 989 942
949 826 901
1171 1172 1078
984 936 1034
894 947 944
827 950 902
827 896 950
853 948 895
948 946 895
947 851 924
1121 1059 1026
1015 899 946
899 952 828
923 994 900
955 860 959
898 854 951
945 1016 1013
1002 869 972
972 914 1006
1139 1113 1046
961 831 907
1073 1009 981
953 855 954
903 960 864
1062 1063 966
865 968 872
777 979 882
881 981 887
866 966 868
918 984 1010
902 1019 957
967 1064 1061
1079 1134 1008
992 991 1081
833 909 962
1051 1049 954
1001 909 864
907 834 963
1046 1015 946
866 935 966
884 978 878
1028 933 910
1120 1023 1025
960 1001 864
1096 1027 1001
973 913 836
993 1111 1047
868 966 1005
874 980 881
865 870 967
1043 921 988
979 986 882
986 889 882
1032 912 965
957 1089 1057
975 880 875
1016 898 951
871 876 971
876 977 971
896 945 1013
1098 1002 1066
1157 1031 1099
1140 1208 1116
978 974 878
901 1017 949
999 862 958
845 990 920
879 938 976
1007 938 916
977 883 939
910 1122 1028
884 983 978
884 888 983
892 889 987
1017 955 1087
881 980 981
941 1009 1039
1009 919 887
985 1007 916
886 982 937
886 917 982
1082 994 992
1070 974 978
929 863 998
1010 982 917
1047 1050 925
981 1009 887
1064 974 1070
939 840 989
892 987 890
905 906 1000
845 921 990
945 898 1016
1071 1070 978
942 989 922
920 990 1011
926 858 997
923 992 994
1017 1014 949
1014 897 949
943 897 1014
1140 1050 1047
918 1010 917
994 995 900
959 1000 1058
920 1011 940
958 1056 999
936 837 2339
932 931 1026
915 975 1041
1066 972 1006
993 1045 1111
1055 929 998
1012 890 1042
1013 1016 1112
1141 1084 1177
1110 1044 1014
964 1001 960
1042 987 1108
1030 934 1002
975 970 1067
1040 989 1012
868 1005 874
1094 908 1116
924 1018 947
1154 1096 964
981 980 1072
1002 972 1066
1129 1169 2338
941 919 1009
996 1115 1088
1008 888 940
983 888 1008
1003 971 1065
956 1051 954
1029 1026 1057
1031 969 1099
958 927 1022
1011 1079 940
1027 909 1001
1063 1005 966
950 1013 1083
951 926 1021
1014 1044 943
994 1082 1086
903 1020 960
956 904 1023
1016 951 1085
950 1083 1019
872 1036 979
1105 1067 1164
947 1018 1045
1034 2337 2334
996 1088 1018
1088 1115 1183
1231 1108 1172
1023 961 1025
1118 1187 1056
930 1054 997
986 979 1077
994 1086 995
963 1025 907
1023 904 961
1024 910 933
1116 908 1050
963 933 1028
941 1039 985
970 934 1030
1086 1082 1178
959 1058 1052
939 1040 1037
971 1069 1065
1048 1139 1046
990 921 1043
1010 1074 982
1067 970 1030
1021 1144 1085
1031 965 911
969 1031 911
1033 973 1032
913 973 1033
913 1033 1004
1032 965 1097
1208 1186 1116
1116 1050 1140
1275 1208 1334
1097 965 1031
1061 1102 968
987 986 1078
977 939 1037
939 989 1040
1038 1006 937
982 1038 937
1104 1035 1007
1003 1065 1062
1012 1042 1107
1042 890 987
958 1022 1056
930 999 1054
1081 1082 992
1155 1063 1062
1105 975 1067
1212 1191 1029
1137 1175 1081
1087 955 1052
1045 993 944
947 1045 944
1113 1015 1046
948 953 1048
1028 1095 963
1114 1018 1088
1049 953 954
1143 1048 1049
1091 1182 1093
1020 952 1084
1068 969 976
1050 908 925
1095 1120 1025
956 1023 1051
1052 955 959
1012 1107 1040
984 1034 1075
1053 929 1055
1078 1077 1171
1112 1016 1085
932 1026 1059
932 1059 998
1152 1058 1060
1181 1185 1090
957 1057 931
1057 1026 931
1060 962 1027
1000 962 1060
1121 1150 1059
1059 1055 998
964 1096 1001
1078 986 1077
1203 1110 1138
967 1061 968
1072 980 1005
1003 1062 966
1072 1073 981
1065 1156 1062
983 1071 978
1017 1138 1110
971 977 1069
960 1093 964
1019 1083 1142
1115 1210 1183
1124 1067 1030
1057 1146 1029
1094 910 1024
1032 1097 1125
1069 977 1037
1288 1220 1348
1080 1011 990
983 1008 1071
1043 1080 990
1054 999 1119
1122 1189 1095
1063 1128 1005
1039 1132 1076
960 1020 1091
1176 1232 1142
1097 1031 1157
1075 1074 1010
984 1075 1010
1076 1007 985
1039 1076 985
1102 1130 1036
2329 2332 1221
1251 1249 1156
1017 1087 1138
1102 1036 968
1054 1149 1092
988 1109 1043
1166 1162 1070
995 1086 1090
1017 1110 1014
1145 1270 1206
995 1090 1022
1144 1209 1235
1013 1112 1083
1205 1177 1113
1084 1015 1113
957 1019 1089
1021 997 1092
1043 1109 1136
1110 1137 1044
1136 1109 1201
1252 1162 1254
996 1053 1115
1045 1114 1111
1019 1142 1089
1092 997 1054
1011 1080 1135
1042 1108 1174
960 1091 1093
1143 1184 1234
1054 1119 1149
1041 975 1105
1190 1096 1154
1156 1155 1062
1099 969 1068
1076 1104 1007
1106 1009 1073
1039 1009 1106
1108 987 1078
1042 1174 1107
1032 1125 1033
1148 1053 1055
1075 1127 1170
1098 1124 1030
1204 1140 1111
1033 1100 1004
1127 1194 1256
1114 1204 1111
1034 936 2337
1004 1100 1101
1064 1162 1158
1130 1077 1036
1160 1066 2331
1038 1103 1006
2340 741 816
1233 1182 1141
1119 999 1056
988 1041 1109
1122 1095 1028
1196 1104 1165
1061 1159 1102
1175 1264 1178
1222 1291 2333
1037 1133 1131
1201 1109 1173
1159 1158 1247
1137 1081 1044
1175 1082 1081
1111 1140 1047
1045 1018 1114
1083 1176 1142
1112 1085 1179
1051 1143 1049
1073 1072 1167
1126 1068 1035
1104 1126 1035
1029 1121 1026
1034 1127 1075
1194 2334 2328
1161 1126 1220
1117 1023 1120
1051 1023 1117
1118 1022 1090
1056 1022 1118
1011 1135 1079
1043 1136 1080
1115 1148 1210
2326 2335 1226
1075 1170 1074
1074 2338 982
1161 1068 1126
1039 1106 1132
1123 1027 1096
1060 1027 1123
1080 1202 1135
1164 1067 1124
1033 1125 1100
1220 1126 1196
1129 1199 1258
1099 1068 1161
1115 1053 1148
1092 1149 1209
1342 1320 1249
2336 1040 1107
1268 1273 1181
1269 1267 1204
1178 1082 1175
1052 1147 1145
1131 1069 1037
1037 1040 1133
1205 1298 1265
910 1094 1153
1184 1117 1236
1151 1154 964
1064 1070 1162
1134 1071 1008
1092 1209 1144
2338 1038 982
1173 1041 1105
1083 1112 1176
1152 1242 1147
1137 1110 1203
1175 1203 1264
1052 1058 1147
1091 1020 1141
1141 1020 1084
1150 1055 1059
1218 1161 1288
1128 1063 1155
1139 1048 1143
1057 1089 1146
1021 1092 1144
1247 1158 1252
1177 1084 1113
1179 1266 1176
1098 1192 1124
1145 1087 1052
1344 1315 1247
2331 1066 1006
1098 1066 1160
1147 1058 1152
1061 1158 1159
1148 1055 1150
1088 1180 1114
1262 1135 1202
1179 1085 1144
1173 1105 1229
1088 1183 1180
964 1093 1151
1167 1168 1073
1123 1152 1060
1220 1196 1287
1104 1076 1165
910 1153 1122
1177 1205 1265
1133 1227 1131
1211 1117 1120
1163 1065 1069
1156 1065 1163
1301 1184 1236
1193 1157 1248
1125 1097 1157
1061 1064 1158
1268 1181 1178
1159 1130 1102
1221 1130 1159
1259 1199 1170
1098 1160 1192
1100 1125 1193
1195 1285 1286
1071 1166 1070
1071 1134 1166
1133 1198 1260
1131 1163 1069
1235 1335 1266
1109 1041 1173
1167 1072 2333
1106 1168 1197
1079 1135 1200
1080 1136 1202
1168 1106 1073
1091 1141 1182
1184 1051 1117
1106 1197 1132
1225 1219 1103
1169 1103 1038
1170 1199 1074
1157 1099 1218
1446 1347 1350
1172 1108 1078
1107 1174 1230
1242 1238 1147
1229 1105 1164
1224 1259 1170
1123 1096 1190
1264 1268 1178
1175 1137 1203
1086 1181 1090
1089 1142 1207
1112 1179 1176
1182 1151 1093
1151 1182 1237
1315 1221 1247
1086 1178 1181
1134 1200 1228
1200 1135 1262
1186 1153 1094
1193 1125 1157
1187 1119 1056
1261 1171 2329
1143 1051 1184
2330 1132 1197
1116 1186 1094
1208 1140 1267
1177 1233 1141
1189 1188 1095
1149 1213 1276
1185 1118 1090
1255 1197 1168
1126 1104 1196
1079 1200 1134
1266 1232 1176
1188 1120 1095
1196 1165 1253
1227 1163 1131
1271 1363 1269
1107 1230 1198
1134 1228 1166
1121 1029 1191
1275 1186 1208
1089 1207 1146
1144 1235 1179
1127 1256 1224
1199 1129 1074
1218 1099 1161
1100 1193 1195
1195 1286 2328
1100 1195 1101
1215 1189 1122
1153 1215 1122
1236 1117 1211
1188 1211 1120
1244 1314 1216
1133 1040 2336
1214 1241 1150
1103 2331 1006
1391 1299 1332
1159 1247 1221
1180 1269 1204
1201 1263 1136
1223 1326 1225
1358 2327 1263
1206 1087 1145
1138 1087 1206
1180 1204 1114
1267 1140 1204
1342 1410 1320
1139 1143 1234
1268 1362 1273
1203 1138 1206
1146 1212 1029
1217 1290 1164
1241 1148 1150
1186 1243 1153
1129 1223 1169
1232 1207 1142
1191 1214 1121
1214 1150 1121
1359 1296 1390
1300 1233 1333
1263 1202 1136
1331 1202 1263
1240 1119 1187
1149 1119 1213
1127 1224 1170
1169 1225 1103
1385 1317 1288
1165 1076 2335
1240 1309 1213
1216 1152 1123
1217 1124 1192
1164 1124 1217
2328 1286 1194
1253 1165 2326
1219 1250 1160
1338 1276 1213
2323 1253 2326
1248 1157 1218
1339 1238 1242
1174 1108 1231
1304 1186 1275
1291 1257 1167
1129 1258 1223
1299 1272 1207
1334 1208 1267
1194 1286 1321
1223 1225 1169
1240 1308 1374
1367 1432 1462
1193 1285 1195
1279 1376 1307
1300 1364 1237
1213 1119 1240
1230 1293 1198
1290 1229 1164
1201 1173 1229
1163 2325 1251
1315 1404 1413
2332 1077 1130
1340 1244 1245
1272 1337 1212
1356 1229 1290
1190 1245 1244
1139 1234 1205
1234 1301 1298
1177 1265 1233
1250 1192 1160
1146 1272 1212
1329 1388 1260
2333 1072 1128
1133 1260 1227
1245 1154 1278
1147 1238 1145
1252 1158 1162
1239 1187 1118
1185 1239 1118
1308 1240 1187
1240 1374 1309
1274 1271 1183
1210 1148 1241
1190 1154 1245
1172 1171 1261
1304 1372 1431
1243 1215 1153
1244 1216 1123
1190 1244 1123
2324 1481 1480
1189 1280 1188
1163 1251 1156
1425 1268 1360
1296 1230 1174
1152 1216 1277
1248 1317 1341
1193 1248 1285
1249 1222 1155
1156 1249 1155
1146 1207 1272
1149 1276 1209
1231 1296 1174
1237 1182 1300
1254 1162 1166
1273 1185 1181
1280 1279 1188
1307 1236 1211
1185 1273 1303
1361 1360 1297
1255 1168 1257
1293 1329 1198
1411 1287 1345
1311 1400 1305
1318 1226 1352
1257 1168 1167
1232 1299 1207
1235 1302 1335
1259 1258 1199
1304 1375 1243
1251 1342 1249
1351 1353 1257
1152 1277 1242
1172 1261 1231
1200 1262 1294
1238 1336 1270
1273 1362 1368
1405 1509 1406
1145 1238 1270
1403 1378 1314
1205 1234 1298
1333 1233 1265
1235 1266 1179
1435 1374 1433
1383 1286 1285
1271 1180 1183
1185 1303 1239
1277 1339 1242
1269 1180 1271
1210 1274 1183
1264 1203 1297
1297 1203 1206
1269 1334 1267
1363 1334 1269
1241 1305 1210
1444 1344 1347
1309 1338 1213
1296 1231 1330
1409 1316 1324
1311 1241 1214
1243 1186 1304
1224 1256 1323
1295 1263 1201
1223 1258 1322
1314 1277 1216
1297 1360 1264
1246 1245 1278
1278 1154 1151
1352 1226 1289
1279 1211 1188
1463 1398 1369
1312 1280 1189
1214 1191 1281
1229 1295 1201
1281 1191 1310
1437 1496 1400
1215 1312 1189
1243 1313 1215
1284 1192 1250
1217 1192 1284
1287 1196 1253
1288 1161 1220
1281 1311 1214
1305 1274 1210
1194 1321 1256
1248 1218 1317
1341 1383 1285
1317 1218 1288
1289 1197 1255
2335 1076 1132
1219 1316 1250
1525 1424 1451
1289 1255 1349
1227 1260 1328
1292 1254 1166
1228 1292 1166
1392 1333 1298
1230 1296 1359
1404 1344 1444
1200 1294 1228
1295 1229 1356
1209 1276 1302
1308 1239 1373
1230 1359 1293
1206 1270 1297
1362 1268 1425
1234 1184 1301
1300 1182 1233
1209 1302 1235
1299 1232 1332
1237 1306 1151
1279 1307 1211
1328 1418 1319
1393 1456 1364
1316 1343 1250
1294 1262 1357
1373 1303 1430
1239 1308 1187
1283 1312 1402
1571 1664 1665
1379 1380 1281
1311 1305 1241
1306 1246 1278
1306 1278 1151
1279 1377 1376
1291 1351 1257
1357 1262 1331
1487 1396 1465
1262 1202 1331
1357 1331 1422
1310 1191 1212
1299 1365 1272
1224 1325 1259
1375 1313 1243
1402 1312 1215
1283 1280 1312
1395 1460 1372
1372 1275 1395
1314 1244 1340
1171 1077 2332
1344 1252 1347
1347 1252 1254
1316 1219 1324
1271 1366 1363
1248 1341 1285
1348 1287 1411
1236 1307 1367
1348 1220 1287
1163 1227 2325
1470 1504 1283
1222 1320 1291
1222 1249 1320
1224 1323 1325
1323 1256 1321
1326 1324 1225
1483 1487 1585
1281 1310 1379
1379 1310 1282
1401 1434 1338
1324 1219 1225
1259 1354 1258
1354 1322 1258
1223 1322 1326
1326 1322 1415
1330 1231 1261
1327 1221 1315
1329 1260 1198
1227 1328 1319
1359 1390 1454
1376 1377 1468
1419 1289 1349
1330 1261 1389
1343 1284 1250
2327 1331 1263
1335 1332 1266
1332 1232 1266
1236 1367 1301
1333 1265 1298
1337 1429 1399
1271 1274 1366
1337 1310 1212
1335 1426 1332
1252 1344 1247
1340 1441 1403
1365 1337 1272
1335 1396 1426
1399 1310 1337
1365 1299 1391
1340 1403 1314
1361 1336 1427
1459 1530 1427
1544 2321 1419
1348 1385 1288
1447 1321 1382
1445 1384 1319
1353 1255 1257
1284 1346 1217
1346 1290 1217
1273 1368 1303
1292 1350 1254
2326 1165 2335
1287 1253 1345
1276 1338 1371
1309 1435 1401
1389 1261 1327
1350 1347 1254
1383 1341 1442
1395 1428 1486
1432 1367 1307
1369 1306 1237
1294 1355 1228
1355 1292 1228
1410 1386 1320
1449 1353 1351
1398 1463 1535
1458 1486 1428
1485 1393 1392
1349 1255 1353
1259 1325 1354
1323 1321 1412
1466 1397 1339
1361 1425 1360
1290 1346 1356
1276 1371 1302
1295 1358 1263
1381 1439 1502
1424 1358 1295
1316 1405 1343
1453 1387 1524
1293 1359 1387
1270 1361 1297
1360 1268 1264
1459 1336 1397
1270 1336 1361
1362 1484 1461
1336 1238 1397
1370 1366 1274
1305 1370 1274
1364 1369 1237
1468 1377 1440
1451 1356 1346
1326 1415 2318
1533 1489 1372
1363 1428 1334
1279 1280 1377
1394 1392 1298
1444 1347 1446
1373 1239 1303
1534 1462 1432
1349 1353 1448
1354 1325 1417
1475 1345 1407
1335 1302 1396
1426 1391 1332
1372 1304 1275
1412 1321 1447
1434 1560 1561
1355 1420 1292
1309 1374 1435
1357 1422 1481
1318 1352 1408
1313 1402 1215
1318 1408 1407
1463 1551 1535
1377 1280 1283
1402 1470 1283
1378 1339 1277
1314 1378 1277
1380 1311 1281
1348 1411 1443
1400 1370 1305
1286 1382 1321
1381 1340 1245
1246 1381 1245
1286 1383 2320
1366 1464 1458
1286 2320 1382
1304 1431 1375
1251 1384 1342
1251 1319 1384
1486 1554 1552
1341 1317 1385
1291 1386 1351
1291 1320 1386
1328 1388 1450
1293 1387 1329
1532 1459 1397
1388 1328 1260
1397 1238 1339
1390 1296 1330
1436 1466 1339
1452 1389 1327
1396 1302 1371
1346 1284 1406
1393 1364 1300
1333 1393 1300
1301 1394 1298
1392 1393 1333
1367 1462 1394
1301 1367 1394
1366 1458 1363
1395 1275 1334
1282 1310 1399
1480 1581 1619
1421 1355 1294
1315 1344 1404
1398 1246 1306
1369 1398 1306
1422 1331 1423
1423 1358 1482
1382 1513 1447
1428 1395 1334
1365 1457 1429
1309 1401 1338
1313 1438 1402
1376 1468 1494
1381 1246 1439
1361 1427 1425
1378 1436 1339
1315 1413 1327
1405 1316 1409
1337 1365 1429
1405 1406 1343
1406 1284 1343
1345 1253 2323
1578 1450 1526
1440 1377 1283
1352 1289 1419
1514 1510 1409
1531 1429 1457
1342 1384 1410
1328 1450 1418
1544 1476 1609
1402 1438 1500
1558 1554 1464
1595 1498 1537
1359 1454 1387
1362 1425 1484
1322 1354 1414
1417 1325 1416
2319 1322 1414
2318 1409 1324
1416 1323 1412
1325 1323 1416
1354 1417 1414
1437 1380 1499
1524 1387 1454
1418 1445 1319
1376 1432 1307
1544 1518 2321
1581 1481 1579
1420 1350 1292
1413 1452 1327
1506 1444 1446
1365 1391 1457
1391 1426 1483
1356 1424 1295
1357 2324 1294
1487 1465 1556
1424 1356 1451
1773 1776 1717
1430 1303 1368
1399 1429 1491
1498 1435 1537
1479 1420 1355
1373 1433 1308
1474 1383 1442
1458 1428 1363
1465 1396 1371
1399 1497 1282
2317 2314 1640
1433 1374 1308
1366 1370 1464
1313 1375 1438
1386 1449 1351
1402 1500 1470
1643 1547 1580
1492 1433 1373
1528 1422 1423
1434 1371 1338
1586 1530 1459
1430 1492 1373
1450 1388 1526
1404 1444 1506
1311 1437 1400
1311 1380 1437
1569 1504 1470
1558 1650 1554
1384 1445 1473
1340 1381 1441
1394 1485 1392
1485 1462 1553
1495 1535 1591
1390 1330 1455
1521 1512 1608
1442 1341 1385
2316 2313 1540
1348 1443 1385
1420 1446 1350
1421 1479 1355
1410 1477 1386
1473 1445 1517
1362 1461 1368
1427 1336 1459
1443 1411 1507
1572 2315 1602
1477 1473 1612
1448 1353 1449
1439 1566 1502
1593 1624 1534
1329 1387 1453
1329 1453 1388
1406 1478 1346
1478 1451 1346
1455 1389 1527
1455 1330 1389
1494 1534 1432
1524 1583 1642
1633 1505 1568
1441 1505 1403
1645 1529 1584
1454 1390 1529
1364 1456 1463
1364 1463 1369
1557 1465 1490
1499 1501 1472
1489 1431 1372
1416 1522 1417
1436 1469 1538
1404 1506 1511
1400 1467 1370
1411 1345 1475
1403 1469 1378
1537 1435 1433
1456 1393 1485
1376 1494 1432
1439 1246 1495
1352 1419 2321
1412 1512 1521
1467 1464 1370
1482 1358 1424
1426 1487 1483
1466 1532 1397
1413 1520 1452
1493 1431 1489
1395 1486 1460
1440 1504 1539
1495 1246 1398
1505 1469 1403
1469 1436 1378
1412 1521 1416
1590 1493 1489
1471 1379 1282
1482 1525 1580
1499 1380 1501
1471 1501 1379
1450 1519 1418
1384 1473 1410
1447 1513 1512
1562 1558 1467
1654 1652 1562
1496 1467 1400
1476 1349 1448
1419 1349 1476
1473 1477 1410
1477 1449 1386
1525 1451 1545
1574 1405 1510
1530 1484 1427
1420 1479 1523
1480 1619 1546
1357 1481 2324
1618 1714 1675
1482 1424 1525
1483 1548 1457
1497 1471 1282
1426 1396 1487
1391 1483 1457
1484 1425 1427
1530 1549 1484
1617 1449 1543
1394 1462 1485
1486 1458 1554
1552 1460 1486
1401 1498 1560
1510 1405 1409
1488 1368 1461
1430 1368 1488
1375 1493 1438
1375 1431 1493
1490 1465 1371
1434 1490 1371
1399 1491 1497
1592 1491 1588
2312 1675 1772
1563 1537 1433
1407 1508 1541
1551 1680 1623
1519 1517 1418
1504 1596 1539
1517 1445 1418
1398 1535 1495
1382 1474 1513
1521 1613 1522
1509 1478 1406
1414 1417 1516
1498 1401 1435
1434 1561 1490
1594 1499 1631
1496 1437 1499
1476 1544 1419
1500 1569 1470
1472 1501 1471
1501 1380 1379
1529 1390 1455
1381 1502 1441
2322 1422 1528
1491 1429 1531
1513 1474 1571
1504 1440 1283
1519 1578 1607
1413 1511 1520
1585 1621 1548
1404 1511 1413
1474 1442 1540
1460 1533 1372
1407 1408 1508
1670 1706 1758
1545 1451 1478
1482 1547 1423
1415 1322 2319
1326 2318 1324
1420 1523 1446
1488 1559 1430
1412 1447 1512
1596 1569 1661
1443 2313 2316
1564 1493 1590
1556 1648 1585
1621 1531 1548
1415 1515 1611
1515 1576 1637
1497 1491 1592
1638 1516 1614
1476 1448 1542
1448 1449 1617
1440 1539 1468
1658 1593 1565
1527 1584 1455
1526 1388 1453
1605 1520 1511
1436 1536 1466
1567 1597 1471
1709 1707 1614
1416 1521 1522
1521 1608 1613
1479 1577 1523
1506 1446 1575
1436 1538 1536
1494 1565 1593
1588 1531 1621
1509 1545 1478
1582 1526 1453
1680 1775 1740
1520 1527 1452
1527 1389 1452
1717 1620 1679
1648 1621 1585
1653 1536 1628
1646 1549 1620
1528 1618 1579
1549 1461 1484
1588 1491 1531
1548 1531 1457
1681 1743 1625
1524 1454 1583
1533 1460 1552
1407 1541 1475
1539 1565 1468
1551 1550 1647
1564 1629 1500
1555 1549 1646
1421 1546 1479
1584 1529 1455
1421 1480 1546
1575 1446 1523
1469 1505 1570
1551 1647 1680
1463 1456 1551
1494 1593 1534
2309 1540 2313
1507 1411 2315
2306 2309 1598
1610 1408 1518
1543 1449 1477
1439 1495 1566
1524 1641 1582
1612 1473 1573
1693 1566 1657
1565 1494 1468
1509 1405 1574
1547 1528 1423
1559 1492 1430
1626 1563 1492
1480 1481 1581
1704 1611 1703
1414 1516 1576
1414 1576 1515
1532 1586 1459
1575 1599 1506
1551 1456 1550
1485 1550 1456
1441 1502 1568
1485 1553 1550
1467 1558 1464
2310 1513 1571
1553 1462 1534
1647 1550 1553
1631 1499 1472
1554 1458 1464
1555 1461 1549
1488 1461 1555
1556 1465 1557
1483 1585 1548
1482 1580 1547
1560 1498 1503
1650 1622 1552
1496 1562 1467
1599 1511 1506
1492 1563 1433
1401 1560 1434
1636 1600 1700
1503 1561 1560
1561 1557 1490
1496 1499 1594
1601 1513 2310
1778 1688 1682
1627 1595 1537
1564 1500 1438
1493 1564 1438
1624 1647 1553
1629 1569 1500
1519 1450 1578
1441 1568 1505
1718 1621 1648
1497 1567 1471
1524 1582 1453
1469 1570 1538
1670 1610 1706
1602 1475 1541
1632 1658 1565
1570 1505 1633
1589 1683 1689
2309 2313 1598
2309 1474 1540
1689 1655 1590
1573 1473 1517
1607 1573 1517
1528 1547 1618
1618 1643 1714
1715 1738 1644
1584 1616 1678
1415 1611 1514
1594 1631 1695
1536 1587 1466
1523 1639 1575
1555 1625 1488
1495 1591 1566
1481 1422 2322
1545 1509 1606
1637 1732 1759
1686 1561 1690
1503 1498 1595
1625 1559 1488
1623 1591 1535
1644 1578 1526
1658 1687 1593
1583 1454 1529
1702 1605 1599
1479 1546 2317
1487 1556 1585
1606 1509 1574
1599 1605 1511
1587 1532 1466
1586 1620 1530
1620 1549 1530
1525 1615 1580
1615 1676 1580
1589 1590 1489
1533 1589 1489
1571 1474 2309
2315 1411 1475
1519 1607 1517
1551 1623 1535
1497 1592 1567
1515 2311 1611
1750 1657 1746
1504 1569 1596
1622 1533 1552
1598 1507 1635
1872 1810 1778
1584 1678 1645
1683 1777 1781
1632 1565 1539
1614 1516 1417
1597 1472 1471
1603 1667 1541
1512 1513 1601
1646 1681 1555
1649 1586 1532
1525 1545 1615
1510 1514 1600
1664 1598 1635
1589 1533 1622
1508 1408 1610
1596 1632 1539
1508 1603 1541
1589 1689 1590
1518 1544 1604
1609 1476 1542
1584 1527 1616
1524 1642 1641
1557 1651 1556
1618 1547 1643
1617 1543 1673
1573 1607 1666
1558 1562 1652
1576 1638 1637
1544 1609 1604
1612 1573 1671
1603 1730 1667
1604 1610 1518
1683 1781 1689
1611 1600 1514
1617 1673 1542
1477 1612 1543
1522 1614 1417
1522 1613 1614
1655 1564 1590
1656 1686 1690
1545 1606 1615
1606 1574 1636
1605 1616 1520
1616 1527 1520
1644 1674 1578
1448 1617 1542
1801 1737 1708
1677 1619 1581
1523 1577 1639
1690 1561 1503
1559 1626 1492
1587 1536 1653
1651 1648 1556
2284 1727 1597
1601 1665 1729
1650 1552 1554
1673 1543 1671
1674 1607 1578
1591 1623 1684
1624 1553 1534
1587 1649 1532
1681 1646 1717
1685 1626 1559
1563 1627 1537
1645 1739 1716
1627 1563 1626
1536 1538 1628
1659 1538 1570
1777 1720 1742
1683 1589 1622
1630 1568 1502
1566 1630 1502
1631 1472 1662
1496 1654 1562
1730 1758 1820
1609 1705 1604
1696 1633 1568
1582 1644 1526
1630 1566 1693
1628 1538 1659
1629 1564 1655
1635 1507 1572
1600 1636 1510
1636 1574 1510
1576 1516 1638
1660 1663 1691
1682 1688 1588
1512 1672 1608
1546 1619 2314
1575 1639 1599
1577 1640 1712
1546 2314 2317
1583 1529 1645
1639 1712 1767
1633 1698 1570
1630 1696 1568
1783 1811 1690
1721 1780 1835
1738 1674 1644
1748 1725 1814
1583 1645 1716
1639 1702 1599
1743 1681 1776
1625 1685 1559
1719 1624 1687
1715 1771 1808
1651 1686 1744
1651 1557 1686
1649 1679 1586
1681 1625 1555
1623 1740 1684
1558 1652 1650
1515 1637 2311
1691 1663 2284
1496 1594 1654
1622 1720 1683
1679 1620 1586
1866 1930 1807
1709 1613 1711
1662 1472 1597
1672 1734 1608
1720 1650 1742
1839 1744 1656
1646 1620 1717
1657 1566 1591
1582 1715 1644
1671 1573 1666
1788 1880 1945
1816 1753 1696
2283 1634 1784
1588 1621 1682
1606 1636 1708
1697 1569 1629
1706 1610 1604
1663 1727 2284
1688 1691 1592
1613 1709 1614
1889 1759 1826
1668 1701 1572
1661 1569 1697
1701 1635 1572
1512 1601 1672
1596 1661 1699
1670 1758 1730
1724 1812 1786
1667 1602 1541
1668 1572 1602
1794 1701 1757
1864 1808 1932
1609 1542 1669
1670 1508 1610
1603 1508 1670
1612 1671 1543
1673 1669 1542
1622 1650 1720
1594 1695 1654
1687 1658 1748
1673 1761 1760
1698 1752 1570
1582 1641 1715
1579 1618 1675
1676 1643 1580
1732 1638 1762
1708 1636 1700
1619 1677 1713
1694 1595 1627
1583 1716 1642
1702 1710 1605
1743 1685 1625
1722 2283 1784
1647 1719 1680
1591 1684 1657
1577 1712 1639
1712 2307 2305
1651 1741 1648
1682 1621 1718
1742 1650 1652
1731 1668 1602
1687 1624 1593
1607 1674 1733
1677 1769 1713
1721 1773 1649
1686 1557 1561
1953 1857 1988
1647 1624 1719
1805 1733 1674
1774 1778 1682
1688 1592 1588
1838 1745 1844
1664 1635 1728
1723 1627 1626
1692 1595 1694
1660 1691 1688
1691 1567 1592
1692 1503 1595
1690 1503 1692
1752 1659 1570
1634 1659 1752
1721 1649 1587
1868 1900 1776
1707 1638 1614
1734 1711 1608
1696 1753 1633
1753 1698 1633
1684 1809 1746
1824 1854 1757
1816 1751 1848
1641 1771 1715
1641 1736 1771
1596 1699 1632
1714 1643 1735
1637 1759 1703
1728 1635 1701
1601 1729 1672
1722 1653 1628
1710 1616 1605
1637 1638 1732
1600 1611 1704
1600 1704 1700
1735 1643 1676
1603 1670 1730
1756 1664 1728
1719 1779 1775
1764 1706 1604
1727 1662 1597
1795 1855 1729
1606 1708 1615
1796 1700 1704
1749 1654 1695
1631 1662 1726
1772 1769 1677
1678 1616 1710
1791 1850 1726
1711 1613 1608
1832 1898 1922
1799 1710 1702
1694 1627 1723
1830 1766 1897
1579 2312 1581
1663 1793 1727
1779 1687 1748
1607 1733 1666
1773 1868 1776
1645 1678 1739
1780 1653 1722
1653 1721 1587
1741 1774 1718
1774 1682 1718
1623 1680 1740
1680 1719 1775
1742 1652 1745
1655 1747 1724
1773 1679 1649
1679 1773 1717
1837 1743 1776
1639 1767 1702
1860 1799 1767
1685 1723 1626
1724 1629 1655
1697 1629 1724
1725 1632 1699
1658 1632 1725
1883 1796 1797
1631 1726 1695
1800 1828 1707
1869 1774 1836
1786 1754 1697
1667 1731 1602
1672 1802 1734
1838 1742 1745
1655 1689 1747
1665 1664 1756
1757 1731 1824
1798 1824 1667
1762 1638 1707
1676 1806 1735
1671 1761 1673
1609 1669 1763
1745 1652 1654
1727 1791 1662
1708 1737 1615
1875 1817 1660
1641 1642 1736
1879 1915 1818
1700 1801 1708
1737 1676 1615
1805 1864 1888
1825 1764 1705
1784 1841 1722
1642 1716 1770
1748 1658 1725
1693 1657 1750
1810 1688 1778
1741 1718 1648
1781 1747 1689
1745 1654 1749
1874 1811 1876
1640 1713 1768
1744 1741 1651
1744 1686 1656
1683 1720 1777
1803 1800 1709
1657 1684 1746
1671 1666 1761
1724 1786 1697
1967 1843 1903
1609 1763 1705
1705 1764 1604
1927 1862 1998
1791 1726 1662
1751 1696 1630
1693 1751 1630
1716 1739 1807
1750 1751 1693
1775 1870 1809
1642 1770 1736
1751 1816 1696
1970 1973 1906
1754 1661 1697
1854 1794 1757
1790 1754 1755
1661 1754 1790
1757 1668 1731
1701 1668 1757
1730 1798 1667
1758 1887 1820
1873 1809 1933
1805 1821 1733
1917 2012 1914
1656 1874 1839
1763 1825 1705
1673 1760 1669
2303 1666 1733
1848 1751 1750
1665 1756 1795
1711 1734 1803
1699 1788 1725
1738 1864 1805
1779 1748 1842
1842 1748 1814
1675 1714 1765
1692 1783 1690
2308 1739 1678
1710 1766 1678
1811 1656 1690
2304 1710 1799
1721 1835 1773
1767 1799 1702
1579 1675 2312
1713 1833 1768
1766 2308 1678
1640 1768 2307
1738 1805 1674
1715 1808 1738
1976 2038 2039
1822 1703 1759
1776 1681 1717
1819 1634 1752
1909 1792 1817
1735 1862 1804
1719 1687 1779
1746 1809 1873
1721 1653 1780
1735 1806 1862
1853 1795 1756
1672 1729 1802
1836 1741 1744
1660 1688 1810
1684 1740 1809
1740 1775 1809
1818 1819 1752
1782 1743 1840
1711 1803 1709
1728 1701 1794
1782 1685 1743
1723 1685 1782
1765 1858 1931
1836 1744 1839
1634 2283 1659
1713 1769 1833
1785 1695 1726
1749 1695 1785
1749 1785 1847
1824 1731 1667
1783 1692 1815
1877 1694 1813
1829 1763 1669
2063 2001 2031
1815 1694 1877
1937 1840 1837
1661 1790 1699
1790 1755 1880
1844 1745 1749
1800 1890 1895
1663 1817 1793
1656 1811 1874
1827 1732 1762
1851 1914 1791
1747 1781 1843
1756 1728 1794
2031 1935 1966
1665 1795 1729
1704 1703 1797
1704 1797 1796
1797 1703 1822
1806 1737 1801
1852 1786 1878
1724 1747 1812
1930 1861 1807
2005 1904 1937
1709 1800 1707
1828 1762 1707
1801 1700 1796
1676 1737 1806
1917 1914 1851
1777 1742 1838
1854 1824 1918
1878 1812 1907
1804 1714 1735
1765 1714 1804
1760 1829 1669
1699 1880 1788
2033 2002 1963
1804 1862 1927
1736 1831 1834
1716 1807 1770
2170 2108 2199
1849 1634 1819
1814 1725 1788
1775 1779 1870
1774 1741 1836
1817 1792 1793
1883 1797 1884
1876 1811 1783
1794 1853 1756
1730 1820 1798
1813 1694 1723
1845 1782 1904
1699 1790 1880
1880 1947 1945
1815 1692 1694
1787 1815 1877
1736 1834 1771
1846 2285 1940
1817 1663 1660
1884 1797 1822
1818 1752 1698
1753 1818 1698
1899 1833 1769
1816 1879 1753
1758 1823 1887
1754 1786 1852
1905 1944 2006
1761 1666 2303
1826 1732 1827
1810 1936 1875
1823 1706 1764
1758 1706 1823
1838 1844 1939
1777 1902 1871
2178 2115 2088
2052 2119 2144
1732 1826 1759
1839 1874 1938
1749 1847 1844
1850 1785 1726
1909 1968 1974
1920 1826 1827
1771 1863 1808
2285 1750 1746
1770 1861 1831
1784 1634 1849
1736 1770 1831
1770 1807 1861
1904 1840 1937
2305 1860 1767
1675 1765 1867
1867 1865 1772
1846 1906 2285
1760 1761 1856
1900 1937 1837
1922 1898 1992
1938 2033 1934
1810 1872 1936
1841 1780 1722
1768 1898 1832
1747 1843 1812
1878 1786 1812
1675 1867 1772
1778 1774 1869
1782 1845 1723
1840 1743 1837
1773 1835 1868
1897 1766 1857
1954 1894 1825
1738 1808 1864
1777 1838 1902
2011 1945 2045
1734 1859 1803
1777 1871 1781
1845 1789 1813
1845 1813 1723
1879 1816 1912
1856 1893 1760
1793 1851 1727
1855 1802 1729
1771 1834 1863
2098 1997 2300
1830 1866 1739
1784 1910 1941
1949 1855 1853
1851 1791 1727
1802 1855 1924
1895 1991 1955
1803 1859 1923
1954 2021 1894
1907 1843 1967
1820 1885 1798
1734 1802 1859
2298 1853 1794
1855 1795 1853
1896 1883 1996
1892 1829 1893
1856 1761 1821
1712 2305 1767
1766 1710 2304
1765 1804 1858
1772 1865 1769
1948 1949 1853
2030 1903 1964
1925 1857 1799
1768 1833 1898
1915 1879 1981
1849 1913 1910
1875 1909 1817
1801 1796 1896
1831 1921 1928
1932 1808 1863
1893 1829 1760
1805 1888 1821
1865 1899 1769
1922 2059 1988
1921 2024 1928
1866 1807 1739
1963 2002 1872
1998 2126 2058
1901 1835 1780
1900 1837 1776
1836 1839 1934
1869 1872 1778
1779 1842 1870
1906 1750 2285
1854 2298 1794
2050 1983 1918
1810 1875 1660
1836 1934 1869
1933 1870 1935
1933 1809 1870
1876 1815 1787
1783 1815 1876
1801 1896 1806
2069 1943 2005
1993 2096 1999
1822 1951 1884
1877 1813 1789
2114 2049 2175
1907 1812 1843
1871 1903 1781
1915 1819 1818
1879 1818 1753
1947 1755 1882
1842 1814 1905
1788 1945 2287
1912 1848 1973
1882 1755 1754
1852 1882 1754
1858 1993 1999
1960 2061 1961
1822 1759 1889
1822 1889 1951
1844 1847 1942
1885 1886 1798
2103 2034 2134
1886 1824 1798
2147 2151 2112
2113 2178 2155
2045 2178 2113
1987 1986 1919
1804 1927 1858
1891 1920 1827
1793 1917 1851
1803 1890 1800
1891 1762 1828
1827 1762 1891
1892 1763 1829
1825 1763 1892
1973 1848 1906
1888 1919 1821
1894 1764 1825
1823 1764 1894
1907 2036 1975
1800 1895 1828
1896 1796 1883
1806 1896 1929
1981 1879 1979
1784 1849 1910
1943 1904 2005
1998 1929 2299
1833 1899 1959
1789 1845 1943
1904 1782 1840
1841 1901 1780
1941 1965 1841
1965 1901 1841
1902 1964 1871
1903 1843 1781
1878 1907 1975
1878 1975 1946
2003 1900 1962
2060 2099 1957
1940 2001 2063
1944 2008 2006
1912 1816 1848
1906 1848 1750
1820 1887 1950
2048 2082 1948
1962 1900 1868
2027 1898 1957
1995 1991 1890
1889 1826 1920
1980 2044 1913
1849 1819 1913
1911 1785 1850
1847 1785 1911
2026 2097 2119
1928 1863 1834
1986 1987 2083
1863 1928 2000
1916 1978 2047
1914 1850 1791
1831 1928 1834
1915 1980 1819
1792 1916 1793
1793 1916 1917
2015 2085 2118
1859 1924 1994
1802 1924 1859
1918 1824 1886
1919 1893 1856
1919 1856 1821
2079 2012 1917
1858 1999 1931
1831 1861 1921
2065 2062 1965
1860 1925 1799
1832 1922 1860
1914 1977 1850
1803 1923 1890
2023 1891 1955
1838 1939 1902
1922 1925 1860
1953 1897 1857
1926 1866 1830
2297 1997 2098
1806 1929 1862
2002 2032 1936
1863 2000 1932
1888 1987 1919
1896 1996 1929
1884 1982 1883
1997 1861 1930
1930 2302 2300
1867 1960 1865
1765 1931 1867
1980 2046 2112
1905 2006 1966
1935 1870 1842
1990 2020 1892
1839 1938 1934
1974 2072 1978
1986 1990 1893
2001 1935 2031
1909 1974 1792
1963 1872 1869
1962 1868 1835
1901 1962 1835
1974 1978 1792
1934 1963 1869
1844 1942 1939
1964 1903 1871
2287 1945 1881
1905 1814 1944
1941 1841 1784
1941 1910 1908
1939 1942 2034
1859 1994 1923
1865 1960 1961
1943 1845 1904
1905 1966 1842
2301 1954 1825
1880 1755 1947
1944 1814 2287
1946 1852 1878
1882 1852 1946
1820 1950 1885
2013 1882 2014
1939 2034 2004
1964 2004 2030
2004 1964 1902
1924 1855 1949
2030 2103 2102
1994 1924 2019
1982 1884 2017
1978 1916 1792
1952 1887 1823
1894 1952 1823
1897 1958 1830
1958 1926 1830
2106 2006 2008
2066 2031 1966
1955 1828 1895
1891 1828 1955
1956 1888 1864
1932 1956 1864
1867 1931 1960
1833 1957 1898
1897 1953 1958
2064 2003 2128
1992 1898 2027
1833 1959 1957
2017 1884 1951
1976 2169 2038
1961 2029 1899
1865 1961 1899
1965 2062 1962
2010 1943 2069
2038 2105 1969
2002 1936 1872
1977 1911 1850
1967 1903 2030
1908 1965 1941
1962 1901 1965
1940 1873 2001
1966 1935 1842
1854 1918 1983
1895 1890 1991
1968 1875 1936
1909 1875 1968
1969 1874 1876
1938 1874 1969
1970 1906 1846
1932 2000 2026
1971 1847 1911
1942 1847 1971
1972 1877 1789
1787 1877 1972
2147 2046 2077
1921 2057 2024
1989 2054 1920
1931 2028 1960
2103 2004 2034
1918 1886 1984
2039 1787 1972
2061 2029 1961
1939 2004 1902
2012 2076 1977
1916 2047 2015
2081 1982 2017
1980 1913 1819
1979 1879 1912
2025 1926 2022
1926 1958 2022
2073 1973 1970
1921 1861 1997
2033 1963 1934
2054 1985 1920
1984 1886 1885
1854 1983 1948
2037 2034 1942
2043 2107 2139
1985 1889 1920
1951 1889 1985
2250 2235 2213
1919 1986 1893
1888 1956 1987
1940 2067 2007
1922 1988 1925
1988 1857 1925
1989 1920 1891
1989 1891 2023
1956 2026 2052
1990 1892 1893
1923 1995 1890
1989 2023 2085
2231 2174 2221
1937 1900 2003
1858 1927 1993
1938 2035 2033
2037 1971 2108
2108 1971 2041
2087 2056 1994
2019 2087 1994
1982 1996 1883
1998 1862 1929
1866 1926 2302
2000 2160 2097
2299 1929 1996
1998 2095 2126
1931 1999 2028
2105 2035 1969
2042 1973 2073
2083 1987 2052
1935 2001 1933
2001 1873 1933
2032 2104 1968
2129 2163 2101
2162 2062 2065
2064 1937 2003
2019 1924 1949
2082 1949 1948
2090 1992 2027
2181 2227 2240
1979 1912 2042
1944 1881 2008
2007 1846 1940
1970 1846 2007
1952 2018 1887
1881 2011 2074
2070 2130 2288
1913 2009 1910
2010 1789 1943
2159 2125 2161
1881 1945 2011
2183 2155 2093
1923 1994 2056
2012 1977 1914
1947 1882 2013
2045 1945 1947
2075 2139 2211
2014 1882 1946
1916 2015 1917
2015 2079 1917
2016 1984 1885
1950 2016 1885
2104 2068 1968
2033 2101 2002
2018 1950 1887
2115 2146 2018
2019 1949 2082
1967 2030 2102
1881 2074 2008
1892 2301 1825
2078 2115 2178
2021 1952 1894
2127 2029 2061
1958 1953 2055
2085 2023 2118
2139 2198 2148
2094 2232 2097
2160 2094 2097
2059 2090 2051
2120 2147 2077
1956 2052 1987
1932 2026 1956
2128 2003 2062
2044 2177 2111
2029 1959 1899
2039 2038 1787
2005 1937 2064
2109 2202 2171
1971 2037 1942
1907 1967 2036
1940 2063 2067
2133 2007 2067
2017 1951 2049
2032 1968 1936
1938 1969 2035
2109 1972 2040
1967 2102 2036
2030 2004 2103
2049 1951 1985
2101 2032 2002
1984 2050 1918
2211 2148 2296
2076 2041 1977
1991 1995 2089
1969 1876 2038
2038 1876 1787
2035 2105 2167
1972 1789 2040
2039 1972 2109
2040 1789 2010
2041 1971 1911
1977 2041 1911
2077 2046 1981
2042 1912 1973
1946 1975 2043
2048 1983 2116
2044 2111 2009
2044 2009 1913
2092 2093 1954
2078 2013 2115
2046 1915 1981
1980 1915 2046
2049 1985 2117
1927 1998 2058
1983 2048 1948
2146 2211 2084
2015 2118 2079
1974 2068 2072
2016 2080 1984
2141 2048 2116
1988 2051 1953
1922 1992 2059
2031 2066 2063
2160 2000 1928
2053 1955 1991
2023 1955 2053
2117 1985 2054
2035 2167 2129
1958 2055 2022
2055 1953 2051
2089 1995 2056
1923 2056 1995
1921 1997 2057
2123 2022 2122
1982 2095 1996
1927 2058 1993
2051 2149 2055
1988 2059 2051
1959 2060 1957
2130 2065 1908
1959 2029 2100
2131 2005 2064
1908 2065 1965
2062 2003 1962
2006 2066 1966
2258 2180 2219
2059 1992 2090
2222 2172 2290
2128 2062 2162
2288 1908 1910
2071 2007 2133
2026 2119 2052
2083 2086 1990
2066 2132 2164
2068 1974 1968
2033 2129 2101
2009 2288 1910
1959 2100 2060
2098 2025 2157
2069 2005 2131
2071 1970 2007
2000 2097 2026
2072 2047 1978
2210 2096 2182
2073 2071 2173
2071 2073 1970
2213 2164 2132
2020 2086 2154
2075 2014 1946
2043 2075 1946
2145 2015 2047
2076 2137 2041
2077 1981 1979
2077 1979 2042
2078 2045 1947
2013 2078 1947
2121 1991 2089
2143 2053 2121
2036 2102 2165
2080 2050 1984
2081 2017 2114
2096 1993 2124
2116 1983 2050
2107 1975 2036
2132 2106 2193
1986 2083 1990
2084 1950 2018
2014 2075 2146
1989 2085 2054
2117 2145 2140
2132 2193 2213
2086 2020 1990
2012 2079 2143
2019 2150 2087
1952 2088 2018
2296 2148 2016
2206 2152 2087
2053 1991 2121
2025 2022 2123
2099 2027 1957
2091 1952 2021
2088 1952 2091
2020 2092 1954
2190 2067 2164
2045 2078 2178
2093 2021 1954
2024 2160 1928
2138 2156 2077
2095 1982 2081
2058 2126 2184
2096 2159 2028
2096 2028 1999
2193 2106 2196
2195 2235 2254
2098 2300 2025
2177 2230 2111
2069 2131 2194
2090 2027 2099
2040 2110 2109
2010 2069 2135
2033 2035 2129
2169 2267 2217
2043 1975 2107
2082 2048 2141
2134 2034 2037
2080 2142 2050
2114 2017 2049
2248 2237 2166
2125 2061 2161
2129 2212 2163
2176 2155 2183
2066 2006 2132
2146 2075 2211
2189 2103 2191
2121 2089 2295
2152 2223 2153
2040 2010 2110
2129 2167 2212
2100 2029 2127
2099 2181 2090
1980 2112 2044
2157 2025 2123
2156 2024 2120
2230 2222 2111
2074 2011 2113
2011 2045 2113
2175 2049 2117
2163 2104 2032
2018 2088 2115
2115 2013 2014
2239 2206 2141
2200 2239 2141
2085 2015 2145
2117 2054 2145
2079 2118 2053
2118 2023 2053
2073 2173 2138
2132 2006 2106
2024 2057 2120
2120 2057 2147
2121 2137 2076
2079 2053 2143
2122 2022 2055
2127 2185 2100
2233 2260 2246
2162 2065 2187
2212 2248 2286
2124 1993 2058
2265 2227 2257
2159 2161 2028
2095 2081 2126
2293 2124 2184
2202 2110 2229
2202 2259 2245
2246 2187 2233
2187 2188 2162
2286 2248 2166
2101 2163 2032
2149 2122 2055
2135 2174 2010
2185 2158 2100
2260 2192 2249
2164 2063 2066
2074 2113 2176
2195 2071 2133
2067 2063 2164
2102 2189 2165
2102 2103 2189
2099 2158 2181
2181 2240 2209
2136 2008 2074
2106 2008 2136
2165 2215 2107
2137 2108 2041
2073 2138 2042
2138 2077 2042
2075 2043 2139
2198 2080 2148
2072 2140 2047
2166 2168 2068
2152 2153 2056
2019 2082 2150
2121 2295 2137
2142 2116 2050
2143 2121 2076
2012 2143 2076
2144 2086 2083
2052 2144 2083
2140 2145 2047
2054 2085 2145
2014 2146 2115
2146 2084 2018
2046 2147 2112
2147 2057 2151
2148 2080 2016
2165 2189 2234
2051 2090 2149
2187 2130 2233
2191 2134 2214
2082 2141 2150
2057 1997 2297
2044 2112 2177
2087 2152 2056
2191 2103 2134
2223 2199 2295
2153 2089 2056
2176 2113 2155
2020 2154 2092
2093 2155 2021
2155 2091 2021
2232 2180 2097
2156 2120 2077
2098 2157 2230
2177 2112 2151
2158 2099 2060
2100 2158 2060
2109 2110 2202
1976 2171 2218
2160 2024 2156
2094 2160 2156
2028 2161 1960
2161 2061 1960
2162 2188 2128
2131 2064 2188
2104 2166 2068
2169 2105 2038
2133 2067 2190
2133 2235 2195
2263 2206 2239
2036 2165 2107
2168 2072 2068
2179 2114 2220
2202 2229 2259
2159 2096 2210
2104 2163 2286
2220 2291 2261
1976 2218 2169
2169 2217 2105
2170 2037 2108
2134 2037 2170
2171 2039 2109
1976 2039 2171
2009 2290 2288
2123 2122 2208
2232 2156 2138
2094 2156 2232
2218 2244 2267
2174 2110 2010
2072 2197 2140
2072 2168 2197
2074 2176 2136
2196 2226 2224
2151 2098 2177
2207 2172 2222
2091 2178 2088
2178 2091 2155
2179 2081 2114
2126 2081 2179
2097 2180 2119
2254 2258 2195
2203 2240 2255
2122 2149 2203
2182 2096 2124
2220 2114 2175
2154 2183 2092
2183 2093 2092
2058 2184 2124
2184 2126 2179
2245 2159 2244
2188 2187 2246
2186 2061 2125
2127 2061 2186
2188 2064 2128
2187 2065 2130
2192 2070 2216
2231 2186 2229
2189 2247 2234
2198 2201 2080
2190 2164 2213
2173 2071 2219
2189 2191 2247
2150 2206 2087
2130 2070 2192
2131 2236 2194
2196 2106 2136
2219 2071 2195
2249 2216 2256
2069 2194 2135
2183 2226 2176
2235 2250 2254
2193 2250 2213
2253 2271 2205
2182 2124 2225
2175 2294 2291
2241 2206 2263
2139 2107 2198
2223 2295 2153
2199 2108 2137
2200 2116 2142
2141 2116 2200
2200 2142 2201
2201 2142 2080
2127 2186 2231
2259 2229 2186
2123 2208 2207
2181 2209 2090
2119 2204 2144
2144 2205 2086
2292 2205 2144
2205 2154 2086
2150 2141 2206
2263 2239 2268
2233 2130 2192
2157 2123 2207
2208 2122 2203
2249 2256 2255
2203 2149 2209
2209 2149 2090
2220 2243 2179
2225 2293 2264
2211 2139 2148
2084 2211 2296
2217 2167 2105
2242 2225 2251
2196 2262 2250
2133 2190 2235
2165 2234 2215
2214 2134 2170
2215 2201 2198
2215 2198 2107
2207 2256 2172
2290 2070 2288
2125 2159 2245
2251 2217 2242
2210 2182 2242
2267 2244 2210
2173 2219 2180
2254 2250 2253
2251 2264 2248
2225 2124 2293
2194 2221 2135
2174 2135 2221
2098 2230 2177
2222 2290 2111
2223 2170 2199
2214 2170 2223
2154 2224 2183
2196 2136 2226
2167 2217 2251
2169 2218 2267
2224 2226 2183
2226 2136 2176
2227 2158 2228
2227 2181 2158
2221 2228 2185
2228 2158 2185
2229 2110 2174
2229 2174 2231
2230 2207 2222
2157 2207 2230
2231 2221 2185
2127 2231 2185
2232 2138 2173
2180 2232 2173
2257 2228 2221
2131 2188 2236
2214 2289 2191
2247 2268 2234
2190 2213 2235
2193 2196 2250
2209 2240 2203
2240 2227 2265
2168 2237 2238
2237 2168 2166
2220 2175 2291
2168 2238 2197
2223 2152 2241
2214 2241 2289
2194 2257 2221
2265 2257 2269
2214 2223 2241
2241 2152 2206
2242 2182 2225
2251 2225 2264
2293 2184 2243
2243 2184 2179
2171 2244 2218
2244 2159 2210
2245 2244 2171
2202 2245 2171
2233 2192 2260
2188 2246 2236
2289 2247 2191
2239 2200 2252
2261 2238 2237
2197 2294 2140
2249 2192 2216
2255 2240 2270
2224 2154 2271
2196 2224 2262
2251 2248 2212
2167 2251 2212
2215 2252 2201
2252 2200 2201
2204 2292 2144
2119 2180 2258
2254 2253 2204
2119 2258 2204
2203 2255 2208
2207 2208 2256
2255 2256 2208
2256 2216 2172
2194 2236 2257
2257 2227 2228
2204 2258 2254
2258 2219 2195
2259 2186 2125
2245 2259 2125
2269 2260 2270
2246 2260 2269
2243 2220 2261
2261 2291 2238
2250 2262 2253
2253 2262 2271
2268 2215 2234
2252 2215 2268
2264 2261 2237
2248 2264 2237
2255 2270 2249
2269 2270 2265
2266 2243 2261
2264 2266 2261
2267 2210 2242
2267 2242 2217
2289 2241 2263
2268 2239 2252
2246 2269 2236
2269 2257 2236
2240 2265 2270
2270 2260 2249
2262 2224 2271
2271 2154 2205
241 2272 250
2272 350 362
2273 251 242
2273 242 429
351 511 2274
2274 511 551
532 363 2275
2275 363 351
362 513 2276
2276 457 467
365 2277 372
470 536 2280
371 2278 373
2278 535 373
2276 467 2279
2279 467 469
372 2280 374
2280 536 374
2277 468 2281
2281 468 470
802 2282 751
2282 704 751
2283 1722 1628
2283 1628 1659
2284 1597 1567
1691 2284 1567
1746 1873 2285
2285 1873 1940
2212 2286 2163
2104 2286 2166
1788 2287 1814
1944 2287 1881
2111 2290 2009
2288 2130 1908
2289 2263 2268
2247 2289 2268
2216 2290 2172
2216 2070 2290
2238 2291 2197
2175 2117 2294
2253 2292 2204
2253 2205 2292
2293 2243 2266
2293 2266 2264
2291 2294 2197
2294 2117 2140
2295 2089 2153
2295 2199 2137
1950 2296 2016
1950 2084 2296
2297 2098 2151
2057 2297 2151
2298 1948 1853
1854 1948 2298
2095 2299 1996
2095 1998 2299
1930 2300 1997
1866 2302 1930
2020 2301 1892
2020 1954 2301
2302 1926 2025
2302 2025 2300
1821 2303 1733
1821 1761 2303
1857 2304 1799
1857 1766 2304
2305 1832 1860
1640 2307 1712
2306 1598 1664
1571 2306 1664
2307 1768 1832
2307 1832 2305
2308 1830 1739
1766 1830 2308
1571 2309 2306
1598 2313 1507
2310 1665 1601
1571 1665 2310
1703 2311 1637
1703 1611 2311
2312 1772 1677
2312 1677 1581
1443 2316 1385
1443 1507 2313
2314 1713 1640
1619 1713 2314
1507 2315 1572
2315 1475 1602
1540 1442 2316
2316 1442 1385
2317 1640 1577
1479 2317 1577
2318 1514 1409
1415 1514 2318
2319 1414 1515
1415 2319 1515
2320 1383 1474
1382 2320 1474
1518 1408 2321
1352 2321 1408
1579 2322 1528
1579 1481 2322
2323 1318 1407
1345 2323 1407
2324 1480 1421
2324 1421 1294
2325 1319 1251
1227 1319 2325
2326 1226 1318
2323 2326 1318
1423 2327 1358
1423 1331 2327
2328 1101 1195
1034 2334 1127
2329 1221 1327
1261 2329 1327
2330 1197 1289
1226 2330 1289
1219 2331 1103
1219 1160 2331
1171 2332 2329
2332 1130 1221
1128 1222 2333
2333 1291 1167
1127 2334 1194
2334 1101 2328
2335 1132 2330
1226 2335 2330
2336 1198 1133
1107 1198 2336
1004 1101 2337
2337 1101 2334
1074 1129 2338
2338 1169 1038
913 1004 2339
2337 2339 1004
2340 816 913
2339 2340 913
2341 671 769
675 2341 769
676 2342 572
676 565 2342
