88 353 91
396 198 112
110 0 129
648 311 645
119 286 7
937 715 597
5 27 0
130 0 106
89 257 0
95 130 545
94 437 248
481 711 646
441 479 437
0 15 122
14 121 291
146 168 265
513 257 471
28 0 301
341 0 28
259 248 0
260 145 164
290 310 208
71 64 67
66 0 115
133 72 0
250 492 476
7 344 71
19 18 446
253 606 399
214 283 213
264 0 171
0 122 147
252 0 334
116 0 56
0 149 60
117 118 350
520 698 526
53 0 127
395 396 496
43 55 52
162 474 243
224 725 308
350 109 40
0 162 111
141 157 47
91 235 123
287 372 45
0 173 114
369 65 185
203 534 312
279 54 55
40 0 117
118 38 275
56 0 51
51 0 40
387 34 54
119 61 310
284 461 214
283 349 173
35 293 217
57 0 66
134 133 351
450 375 653
358 333 23
419 347 49
61 24 208
23 159 0
478 726 224
246 538 305
4430 558 585
27 23 0
247 121 25
86 133 0
374 75 97
175 74 92
189 234 175
152 0 343
440 201 229
132 87 386
431 205 223
343 0 300
159 163 0
101 457 211
359 129 402
124 497 457
361 73 145
0 147 79
0 165 1
226 472 9
641 453 392
0 1 46
0 75 165
398 180 193
683 11 393
313 10 425
195 453 226
74 234 611
0 337 216
433 219 201
386 367 354
0 124 83
301 0 140
384 108 143
209 407 204
407 429 635
262 8 123
144 0 130
129 0 103
382 158 43
416 194 3
44 243 215
2 0 116
466 275 328
48 429 209
24 153 347
412 112 34
52 0 36
36 0 53
5 0 57
482 327 516
72 15 0
32 14 169
106 0 46
128 85 101
268 207 266
172 0 136
38 141 328
0 273 124
84 3 108
10 107 8
256 447 230
0 79 184
62 25 73
247 62 548
400 164 151
409 126 221
0 218 154
601 411 615
742 297 548
362 102 205
127 0 45
0 335 337
103 0 144
381 143 107
21 86 0
298 487 16
87 32 367
670 423 463
200 363 35
296 270 303
177 135 0
486 346 77
115 0 185
137 307 200
189 156 417
0 184 155
45 0 181
371 279 109
67 299 82
431 596 362
508 516 331
244 41 44
82 379 170
135 21 0
92 368 88
0 183 277
286 478 344
300 0 16
122 547 231
163 177 0
31 263 391
285 265 126
213 59 48
276 536 284
0 76 75
292 0 341
170 389 151
483 301 362
320 272 238
589 383 93
157 182 383
181 0 193
166 211 397
156 132 316
153 186 49
185 0 197
270 217 388
613 387 279
0 155 76
418 223 232
272 215 423
199 335 544
182 194 93
193 0 110
202 96 0
367 231 4429
186 198 395
197 0 2
337 192 511
0 154 149
78 99 0
219 392 195
0 314 50
104 335 0
80 140 0
619 609 422
125 0 252
309 22 66
114 104 0
350 275 552
0 83 183
424 589 590
0 30 173
0 58 30
0 111 191
98 507 280
0 60 187
305 477 137
99 202 0
261 250 0
136 0 264
825 596 637
190 80 0
68 42 358
605 944 942
96 89 0
295 462 504
555 425 545
250 78 0
131 261 0
169 445 196
248 190 0
718 730 727
97 76 421
262 46 550
718 249 274
240 255 0
179 423 271
467 647 397
278 365 237
258 499 242
241 259 0
41 463 111
0 330 162
528 460 580
0 322 69
72 134 291
11 232 20
353 368 236
26 229 220
290 660 443
207 33 356
578 621 29
263 282 324
237 439 256
255 131 0
9 17 258
257 241 0
393 20 242
21 410 352
491 220 230
106 235 545
171 0 254
221 31 375
16 0 172
427 125 553
326 460 321
0 125 325
708 673 880
0 187 150
426 238 629
0 191 179
312 498 128
746 236 401
210 53 113
0 288 174
278 166 373
0 277 240
188 51 158
0 216 331
944 783 1100
254 0 339
30 336 59
0 174 58
298 172 409
348 167 5
424 47 383
294 455 276
314 502 533
22 560 251
247 547 15
340 176 376
363 469 60
0 295 288
294 296 227
0 150 295
445 547 139
285 661 146
333 380 159
302 81 168
178 18 102
300 487 541
150 388 462
419 588 592
0 69 218
356 334 444
493 403 154
42 572 333
355 208 347
57 22 348
634 911 4
0 50 273
4427 381 95
318 289 203
550 353 549
184 414 422
1115 1109 1053
0 319 314
318 320 426
0 179 319
0 267 322
321 528 246
334 0 345
524 451 254
326 268 427
0 325 267
332 120 329
372 113 127
0 327 330
329 458 244
332 280 161
0 331 327
64 308 299
33 323 306
142 204 192
283 461 667
98 142 199
901 674 874
282 340 490
339 0 292
484 176 19
351 568 452
488 77 81
167 358 27
323 346 449
345 0 152
65 309 115
310 443 286
456 429 59
36 210 43
361 342 62
260 573 361
315 1 249
100 405 610
428 560 309
252 306 554
831 870 1120
344 224 64
584 416 84
408 372 575
86 352 351
160 178 140
149 403 293
460 427 672
240 448 468
604 384 381
147 196 100
249 165 374
588 49 395
570 396 412
602 566 158
360 328 47
277 397 448
368 74 401
264 391 63
521 292 539
766 588 496
670 848 629
380 390 163
299 563 379
366 144 313
552 602 109
180 287 181
402 103 366
963 763 1004
79 100 414
411 56 188
303 187 470
390 399 177
379 578 389
375 171 451
90 202 432
442 94 259
637 431 418
39 369 197
39 2 370
373 183 239
93 416 608
400 389 29
135 399 410
612 274 374
607 84 384
627 363 307
532 710 712
354 4429 585
624 681 413
104 105 544
466 360 625
450 285 136
400 567 260
138 412 387
370 116 411
440 406 433
316 386 435
1069 859 840
398 110 359
155 422 421
437 394 190
304 428 65
430 703 918
417 599 234
417 316 206
238 191 148
212 575 287
228 720 95
319 271 502
325 266 364
616 355 419
114 349 105
527 595 420
394 160 80
663 392 433
99 413 432
442 594 687
610 619 414
480 472 453
13 418 11
897 700 734
468 505 255
78 476 413
13 683 752
393 499 434
251 478 348
306 449 595
231 297 454
489 28 483
131 505 509
365 373 648
444 345 520
409 63 562
654 391 324
342 716 548
436 96 90
445 741 4430
288 504 535
349 631 630
85 467 83
330 482 474
672 723 632
267 364 245
336 58 530
227 303 657
665 148 243
913 836 688
650 544 495
113 408 636
457 481 239
365 645 439
643 470 293
529 388 469
652 17 472
471 89 436
735 4428 583
458 557 41
1048 744 848
26 624 440
493 218 518
68 167 443
664 637 13
686 436 641
501 12 467
458 120 679
655 446 178
539 341 489
856 1028 855
520 152 519
302 146 571
519 343 541
561 484 446
524 339 521
261 509 492
491 506 26
307 477 494
493 579 696
810 465 635
587 377 39
85 498 593
497 273 532
442 241 513
1158 1005 1318
593 669 481
289 426 677
696 893 892
455 227 673
447 439 623
492 633 690
216 511 508
507 691 161
491 447 651
996 634 939
507 199 649
530 708 714
499 17 594
594 652 836
691 809 680
680 120 161
616 977 759
538 579 477
486 488 698
449 486 37
490 376 540
923 621 564
700 539 561
324 490 640
699 725 726
37 871 595
554 430 767
322 245 537
470 850 644
536 512 461
1070 848 838
534 404 498
534 289 710
50 533 532
536 455 708
174 535 530
538 528 695
69 537 518
523 376 484
640 521 700
542 488 302
586 541 571
740 722 721
465 192 407
228 10 262
1308 1093 1345
169 291 297
134 452 139
315 718 717
235 315 555
1095 772 1088
210 721 382
723 266 554
527 553 356
550 717 228
954 628 722
694 729 474
816 4431 70
791 586 896
759 290 355
598 523 489
747 591 450
564 380 572
578 563 522
608 584 812
613 371 628
410 606 605
573 662 342
973 867 699
587 370 601
704 542 487
777 563 308
352 605 568
663 681 755
576 360 424
575 736 739
1085 892 931
390 564 253
494 518 671
695 245 705
946 4443 779
956 833 823
473 4427 720
565 359 618
405 70 4434
698 542 559
496 570 732
304 369 377
212 180 603
736 212 788
856 661 562
304 760 765
497 712 501
434 513 514
430 444 526
656 160 222
826 1153 6
655 600 561
421 609 620
639 734 598
4443 570 138
382 722 371
787 589 608
617 366 719
567 225 573
567 29 783
618 402 617
565 603 398
808 599 206
354 774 435
620 612 97
754 401 611
615 188 566
884 705 706
4437 138 613
428 765 517
904 607 604
4439 584 607
435 756 206
599 805 611
784 253 522
964 784 994
651 505 750
476 690 406
739 668 408
710 677 888
731 403 696
936 566 556
378 678 271
456 827 635
456 667 776
872 706 459
506 651 638
646 510 311
105 630 495
738 721 466
479 222 394
633 853 844
898 1099 600
524 540 701
675 480 90
683 687 752
469 731 864
529 849 657
4 689 468
12 634 647
648 239 646
448 647 4
692 511 650
821 649 465
509 623 633
514 471 686
748 63 654
701 653 451
483 656 598
655 596 862
644 674 462
849 850 1083
983 872 984
724 757 251
704 298 591
568 906 715
432 574 753
479 770 764
859 463 729
1134 840 1081
631 336 714
762 738 625
745 501 882
148 838 378
695 781 579
364 459 705
269 504 674
338 673 657
753 846 641
844 858 690
626 502 678
744 677 629
694 482 680
515 679 516
574 406 843
846 1044 688
441 94 642
813 1109 793
941 862 825
688 652 480
642 434 922
682 464 686
806 750 645
506 676 624
508 692 515
691 649 852
866 694 865
693 557 679
537 580 671
494 503 627
873 771 1077
37 519 586
569 525 758
438 540 523
654 640 876
853 750 1023
420 871 815
855 571 661
614 580 672
974 614 632
873 879 714
535 269 512
1675 1433 1385
533 626 404
939 12 745
404 800 593
885 776 879
512 707 667
662 6 716
742 452 715
549 743 555
549 236 233
4428 604 4427
743 583 425
543 552 636
556 602 543
459 553 832
759 972 660
778 42 525
525 68 757
233 830 749
4567 1235 1190
839 665 557
919 999 233
643 627 891
785 587 737
752 1054 770
1052 438 600
934 1087 473
576 590 860
732 4444 988
761 636 668
576 975 625
543 761 960
742 938 454
139 716 741
717 749 720
899 678 475
1015 711 669
790 919 274
562 748 831
747 653 868
727 934 743
702 623 689
952 1118 805
441 642 733
663 755 675
612 804 790
753 574 948
619 803 793
917 726 660
1139 699 917
560 517 724
766 956 592
740 738 828
987 668 975
4433 905 385
664 1011 825
592 955 616
377 785 760
832 527 918
1140 1340 1122
812 4440 940
733 1012 664
697 901 1008
4436 4435 551
4432 1141 905
803 610 801
953 827 1025
631 713 834
572 778 792
777 725 867
4445 581 4437
1021 881 877
893 671 884
1060 1057 896
281 606 784
622 783 621
766 732 833
824 879 1077
788 603 811
590 787 990
804 1117 912
754 912 746
871 559 1062
777 943 923
808 756 684
1253 1016 1048
1091 4445 820
1122 833 988
4442 910 818
1200 1102 967
818 904 4441
817 882 712
1110 774 4433
1160 1067 1012
756 774 813
805 789 754
620 751 804
689 911 1024
4434 4431 905
609 793 952
877 865 515
495 953 819
837 787 812
769 811 565
803 1003 684
922 836 929
1061 1214 703
938 1090 558
888 1076 800
4439 799 797
810 1017 821
795 4437 936
819 851 650
1505 1456 1473
582 1212 1290
885 786 1178
685 222 764
906 926 597
630 834 775
945 761 987
958 1116 1197
727 967 920
357 924 747
723 767 962
582 785 796
776 966 827
898 941 1142
814 514 464
1022 998 811
531 670 859
840 729 866
666 415 839
1424 1403 1615
1227 1048 1082
951 681 858
638 915 676
1477 1385 1726
675 928 682
1213 1388 1340
378 531 475
644 658 874
529 864 658
821 889 852
851 877 692
638 702 916
1341 1342 1096
485 896 704
485 591 924
980 1261 1111
1030 843 676
415 838 665
908 935 736
1156 1169 1211
898 656 685
1865 1685 1648
850 643 932
1035 693 809
839 693 1001
943 778 569
875 870 748
897 1073 1068
357 868 1074
526 791 703
962 659 632
880 697 707
902 338 849
876 985 868
701 897 875
852 780 809
1255 1135 1143
786 713 707
269 901 873
780 1245 1035
887 669 800
1421 1252 1189
1031 781 614
713 824 966
936 1092 959
1034 900 882
626 899 817
970 1021 851
908 907 1201
932 731 892
577 891 503
503 781 1032
1333 1055 1085
1112 1028 1027
782 559 855
876 438 869
862 835 639
888 744 1016
1047 1015 887
880 338 771
874 1086 1008
1208 968 1010
799 617 4435
807 773 763
942 826 662
890 1202 1354
860 990 890
4435 4428 1088
4440 797 976
806 311 1000
789 1094 790
464 1044 1041
1193 1350 1298
968 986 844
853 1040 968
971 758 757
420 1014 767
746 958 730
830 1102 934
1427 1375 1291
687 814 927
792 1045 522
1027 856 831
942 1111 926
925 1171 826
1054 922 1168
1125 846 948
1041 1106 814
1109 1146 952
1221 577 1032
864 891 1055
4436 1137 995
749 920 735
1195 975 860
886 820 628
938 6 1089
741 937 816
1005 510 711
769 1128 1022
835 685 1029
225 925 906
792 867 1155
225 281 980
960 828 1108
4446 4438 581
1147 1116 1183
951 928 755
1080 1336 950
980 1100 949
843 1042 948
808 930 751
810 775 1018
1092 556 960
956 1152 765
760 582 955
1229 1064 1245
1094 829 919
1091 886 1173
945 954 740
1543 1299 1286
832 1013 872
1110 385 1101
1100 622 1203
1330 1074 985
885 1135 834
999 798 830
916 903 915
1269 1108 1133
1017 1149 889
972 993 917
724 978 971
1187 1188 569
983 1066 706
762 739 935
910 1107 1128
517 1151 978
977 1181 972
1090 1192 4432
944 950 857
1377 1351 1278
1983 1555 2111
974 659 1065
1222 659 1013
1068 965 875
1208 1030 915
1133 828 762
1002 796 737
1371 1177 1353
908 788 998
4568 1014 1214
1221 1464 1251
971 1131 1139
1156 622 1045
933 1174 1127
1158 1000 510
1009 1005 1015
1202 990 837
730 1197 967
1039 911 996
1081 866 1064
1140 988 1121
813 1110 1053
1161 385 1141
500 939 997
1479 1317 1315
1149 1230 1205
1256 771 902
1038 997 1228
1323 903 1040
764 1012 1154
1011 770 802
962 1014 984
1013 918 991
900 997 745
1076 899 794
819 1018 970
1017 953 1026
1020 1052 1099
1019 1119 1249
889 1238 780
940 1049 837
1163 702 1024
1138 1023 806
1135 1026 775
1230 1018 1025
1170 895 924
1060 485 895
1079 941 1154
1113 858 986
1050 884 1066
893 1050 931
1511 1602 1467
1076 1175 887
881 1064 865
1331 1069 1134
1304 1053 1101
1318 1009 1416
1307 1138 1000
916 1163 1010
913 1257 929
1288 951 1113
1274 1126 1359
913 682 1126
1169 994 923
1182 1379 1172
1240 1228 900
794 475 842
1237 1202 1022
1032 1031 1252
1153 1171 1350
1073 734 1019
1037 317 1003
733 927 1160
1072 932 894
1899 1906 1800
1247 1062 782
1279 1187 1278
1277 1204 1060
1028 1059 782
815 1062 1235
1061 791 1057
1237 1128 1408
957 1001 1035
1400 1233 983
1189 1031 974
802 1386 1301
869 1236 985
1036 1070 415
1082 531 1069
1083 1281 1086
1083 1055 1282
869 1052 1250
1329 870 965
1501 1165 1337
817 1016 1034
1243 786 697
1394 1525 1512
1103 1029 1364
1203 1306 949
1206 666 1001
1315 842 1070
658 1072 1071
1328 1500 1462
1251 894 577
1071 1272 902
1096 1088 735
551 909 1087
1090 937 1194
816 1089 979
795 959 1123
886 954 1098
1174 1492 546
912 1183 958
1137 551 1342
854 1087 1102
1186 1394 1309
1177 1092 1108
1142 1019 639
281 964 950
1291 1037 963
798 1096 920
1142 1079 1119
1155 1225 1169
4568 1419 1222
1168 929 1258
1127 1308 976
969 1098 945
684 317 930
1003 801 963
857 1267 925
895 1328 1277
1224 1042 1030
1117 1357 1183
317 1145 1220
1481 829 947
789 1118 1114
1117 751 1219
1020 1103 1355
1170 357 1280
1129 1002 4438
1212 796 768
1091 1217 1186
1677 1769 1531
1126 928 1273
1044 1125 1043
4442 995 1107
976 1063 940
1121 1130 1286
1129 4446 1186
1278 993 1181
1421 1470 1422
1196 969 987
1295 1036 666
966 878 1025
1377 1181 1182
933 1095 1199
1322 1024 1039
993 1187 758
1002 1299 768
1242 1004 773
835 1103 1099
1313 878 1178
1296 1674 1269
1292 1115 1304
1219 930 1220
1365 1515 947
1249 1210 1446
970 1007 1150
1149 1275 1238
977 1152 1182
1151 955 1226
1051 1194 597
1301 1029 1011
943 1289 1104
994 861 1203
1162 1460 1547
996 500 1165
1192 1298 1242
1054 1302 802
1167 1291 1004
1287 1224 1157
1040 1023 1321
1224 1208 1268
1158 1075 1307
1322 1307 1284
1349 1534 1161
927 1106 1326
1104 861 1045
1027 1120 1327
1051 926 1297
1490 1046 1670
959 1177 1216
995 1198 1093
1034 1239 1240
1319 1459 1452
1173 1098 989
1179 1143 824
1178 1243 1424
1702 1693 1802
1136 1131 978
1046 1136 1151
1114 947 1094
1344 1342 1343
1579 1796 1550
1123 1097 1130
1139 1058 973
1289 973 1305
1233 883 1066
1285 1300 728
1428 1600 1676
1193 1159 979
1194 914 1192
1193 1089 1153
1201 1196 935
1296 1133 1195
829 1254 999
1199 1495 1174
1137 1344 1198
1254 1341 798
890 1381 1195
907 998 1049
1156 1080 964
1443 1247 1059
1314 1436 1007
1276 1081 1229
1321 1348 1323
986 903 1164
1676 1617 1349
1148 1355 1392
861 1352 1395
823 1122 1388
847 1583 1677
4567 991 815
1283 1579 1314
1332 1217 1173
1404 1123 1216
1381 1426 1296
1118 1146 1358
1115 1303 1146
931 1263 992
1105 1234 984
1732 1698 1720
1113 1164 1162
1104 1293 1352
1290 1379 1152
1253 842 1317
1311 1009 1047
1370 1206 957
1007 1026 1283
1403 1243 1256
1379 1531 1259
1065 1409 1189
1222 4565 1400
728 1061 1248
1068 1262 1330
1049 1063 1382
1150 1246 1021
1175 1253 1441
1175 1347 1047
1412 1409 4566
1159 1349 1141
1179 1077 1231
1370 1423 1646
1246 957 881
1238 1423 1245
1248 1057 1204
1235 1247 1430
1148 1250 1020
1262 1073 1249
992 1271 1085
1263 1050 883
1239 794 1227
1197 1266 1200
1485 1283 878
1272 1231 1008
1041 1274 1258
1257 1368 1106
1670 1232 1669
1513 1521 1391
1336 1335 857
1236 1250 1446
1221 1252 1422
1683 1684 1447
1798 1312 1538
1254 1481 1482
1297 1111 1487
1460 1164 1366
1144 1353 969
1690 1579 1485
1448 1333 1251
1086 1372 1256
1288 1360 1125
1257 1043 1374
1436 1413 1150
1295 1206 1435
1112 1466 1059
981 1058 1131
1401 1305 1058
1120 1329 1445
1071 1282 1505
1281 1072 1334
1215 1230 1255
1166 1418 1348
1624 1190 1430
961 1129 1309
1288 1162 1376
1042 1287 1273
1155 1188 1293
823 1383 1226
921 1101 1161
1537 1502 1145
1225 1289 1380
1419 1613 4565
1134 1276 1467
1196 1218 1144
1171 1267 1433
1159 914 4448
1396 1140 961
1378 1419 1190
1067 1363 1154
1326 1325 1160
1356 1220 1520
1375 1145 1037
1384 1188 1279
1080 1395 1488
1165 1166 1039
1107 546 1407
1425 1286 1097
1470 1628 1820
1432 1316 1228
1997 1606 1265
1339 1398 1143
1215 1550 1205
1331 1006 1082
1582 1416 1311
1346 1227 1006
500 1038 1337
1560 1176 1758
1728 1440 1668
1207 1163 1322
1166 1321 1138
1207 1366 1010
1347 1441 1630
1302 1518 1508
1168 1367 1302
1170 1429 1328
1327 1084 1112
1280 1074 1458
1236 1476 965
1036 1369 1315
1539 1216 1371
1334 894 1271
1282 1333 1456
1592 1487 1261
949 1461 1261
1504 1075 1318
1704 1630 1551
1524 1313 1424
1463 847 768
1343 854 1200
1184 1095 854
1482 1184 1341
1199 1184 1496
546 1492 1472
1551 1441 1317
1240 1324 1432
1284 2091 1207
1242 1209 1167
914 1051 1402
1401 981 1578
1211 1225 1532
1414 989 1269
1389 907 1397
1119 1493 1210
1358 1303 1483
1365 1114 1358
1356 1357 1219
1043 1360 1451
1359 1273 1376
1795 1646 1431
1790 1571 1580
1301 1405 1364
1363 1391 1079
1357 1588 1147
1516 1268 1323
1326 1368 1518
1367 1258 1406
1467 1442 1331
1229 1244 1468
1390 1332 989
1272 1576 1439
1504 1416 1484
1274 1459 1406
1498 1304 921
1360 1287 1522
1136 1490 981
1623 1541 1300
1046 1226 1232
1384 1489 1293
1201 1389 1218
1237 1546 1397
1290 1388 1531
1305 1399 1380
845 709 1487
1508 1497 1067
1462 1659 1608
1383 1212 847
1381 1354 1589
1414 1486 1371
1493 1364 1260
1210 1599 1644
1979 1980 1976
1404 1078 1097
1306 1211 1475
1299 1471 1463
1382 1593 1354
1616 1485 1313
1420 1685 1384
1234 4566 1065
1279 1351 1420
1350 1433 4447
841 1231 1439
1217 1540 1394
1363 1497 1513
1374 1560 1368
1308 1450 1408
1407 1545 1063
1410 1233 1241
1421 1409 1628
1422 1647 1464
1678 1241 1607
1431 1423 1275
1353 1673 1390
1739 1492 1495
1373 1038 1316
1929 1977 1985
1501 1557 1284
1300 1294 1105
1401 1499 1399
883 1410 1132
1132 1411 1263
1244 1246 1413
841 1339 1179
1512 1544 1309
1590 1218 1580
1574 921 1534
1675 1191 4447
1327 1445 1542
1444 1285 1248
1361 1413 1631
1347 1641 1311
1402 1297 709
1475 1763 1478
1276 1468 1511
1205 1503 1275
1917 2088 1927
1594 1902 1759
1564 1403 1372
1456 1448 1320
1324 1239 1346
1632 1479 1369
1204 1465 1444
1443 1639 1430
1429 1280 1457
1148 1566 1262
1264 1871 1517
1440 1271 1528
1665 1646 1845
1407 1472 1530
1459 1359 1569
1848 1176 1653
1820 1956 1841
1772 1717 1587
1578 1490 1651
822 1334 1440
1567 1713 1445
1476 1567 1329
1374 1451 1176
1157 1268 1609
1494 1336 1488
1466 1084 1387
1396 1614 1340
1411 1528 992
1466 1596 1443
1277 1462 1465
1295 1033 1369
1435 1370 1665
1817 1729 1667
1132 1310 1647
1396 1693 1603
1450 1345 1749
1663 822 1727
1627 1648 1499
1395 1568 1434
1330 1565 1458
845 1910 1783
1434 1591 1488
1523 1006 1442
1940 1554 1976
1266 1116 1581
1558 1343 1266
1706 1588 1356
1709 1373 1610
1270 1255 1398
1390 1658 1619
1385 1267 1335
1478 1461 1306
1532 1380 1684
1377 1172 1455
1909 1774 1827
1345 1093 1415
1355 1391 1507
1738 1592 1461
1586 1415 1198
1585 1344 1587
1405 1386 1618
1538 1537 1375
1578 1474 1420
1542 1659 1084
1075 1561 1418
1656 1520 1292
1631 1436 1612
1337 1373 1697
1576 1281 822
1982 1913 1695
1599 1493 1521
1325 1638 1386
1589 1593 1759
1576 1663 1575
1435 1553 1033
1078 1535 1425
1405 1622 1260
1828 2080 1887
1562 1581 1147
1556 1570 1366
1447 2048 1905
1325 1367 1559
1655 1559 1757
1731 1303 1502
1536 1507 1260
1376 1547 1569
1552 1551 1479
1635 1563 1339
1078 1681 1791
1766 1602 1722
1782 1730 1677
1662 1448 1464
1666 1645 1546
1450 1805 1692
1232 1383 1124
1352 1489 1568
1654 1756 1797
1643 1427 1167
1512 1804 1696
1521 1633 1751
1606 1292 1498
1265 1498 1574
1332 1619 1540
1539 1681 1404
1817 1613 1378
1429 1573 1500
1544 1693 961
1425 1696 1543
1408 1692 1546
1545 1529 1382
1522 1157 1597
1556 4564 1875
1837 1826 1635
1185 1612 1314
1338 1346 1523
1572 1523 1703
1665 1722 1511
1806 1776 1480
1835 1710 982
2091 1548 1516
1418 1813 4563
1671 1587 1482
1518 1560 1519
1559 1406 1319
1708 1501 1697
1515 1629 1777
1825 1616 1524
1439 1575 1636
1476 1566 1714
1565 1446 1679
1458 1577 1457
1475 1532 1683
1522 1653 1451
1609 1516 1747
1976 1775 1362
1836 1704 1552
1604 1542 1713
1773 1538 1427
1564 1510 1626
1372 1505 1510
1567 1714 1859
1351 1455 1499
1185 1215 1270
1362 1426 1589
1671 1481 1515
1642 1610 1316
1213 1614 1694
1670 1868 1651
1586 1496 1717
1495 1585 1700
1454 1496 1558
1629 1365 1483
1509 1580 1389
1674 1426 1775
1743 1738 1478
1726 1335 1494
1509 1397 1645
1645 1914 1438
1827 1617 1600
1465 1608 1639
1547 1654 1719
1777 1772 1671
1392 1507 1823
1860 1595 1191
1658 1673 1776
1632 1033 1526
1471 1858 1614
1764 1573 1873
2094 1688 1877
1537 1312 1745
1793 1412 1613
1387 1840 1596
1460 1570 1654
1716 1484 1582
2007 2028 2356
1890 1503 1550
1607 1294 1541
1583 1463 1603
1636 1635 841
1625 1398 1563
1595 1643 1209
1621 1718 1497
1486 1780 1539
1816 1890 2007
1638 1741 1618
1718 1633 1513
1729 1378 1624
1640 1623 1285
1762 1690 1616
1575 1862 1856
1651 1661 1474
1310 1410 1794
1562 1588 1637
1641 1324 1338
1816 1431 1503
1442 1602 1703
1536 1622 1935
1741 1655 1786
1549 1524 1615
1564 1754 1615
1742 1629 1746
1508 1655 1621
1596 1640 1444
1808 1624 1639
1432 1630 1642
1641 1705 1582
1774 1534 1617
1392 1752 1679
1594 1593 1529
1449 1244 1361
1411 1470 1664
1801 863 1474
1663 1727 1862
1779 1753 1780
1584 1627 1455
1818 1714 1688
1719 1452 1569
1597 1609 1533
1638 1519 1634
1745 1748 1502
2051 1787 2350
1486 1601 1779
1387 1500 1764
1785 1887 1718
1627 1911 1724
1668 1528 1664
1510 1473 1649
1841 1662 1647
1468 1449 1553
1788 1930 1529
1855 1799 1469
1857 1320 1662
1769 1867 1259
1172 1259 1584
1598 1558 1581
1990 2059 1746
1674 1601 1414
1144 1590 1673
709 1783 1428
4448 1191 1209
1213 1527 1124
1917 1794 1412
1644 1688 1566
2041 1917 1793
1525 1540 1695
1872 1694 1858
1568 1264 1744
1264 1489 1686
863 1686 1399
1781 1684 1685
1757 1959 1786
1605 1652 1679
1788 1929 1924
1807 1270 1625
2381 4549 2165
1530 1788 1545
1471 1543 1180
1583 1682 1782
1681 1780 1506
1535 1802 1544
1707 1561 1504
1740 1984 1223
1749 1933 1805
1586 1733 1740
2008 1807 1762
1180 2000 1858
1765 1552 1632
1835 1338 1572
1760 1642 1835
1746 1483 1731
1821 1697 1709
1813 1561 1715
1945 1707 1484
1555 1836 1961
1875 4562 2085
1916 1798 1773
1834 1573 1457
1577 1565 1652
1821 1947 1708
1610 1760 1946
1734 1585 1454
1618 1660 1622
1870 1653 1597
2019 1223 1891
1825 1901 1762
1897 1526 1553
1995 1872 2000
1661 2103 1801
1910 1944 1915
1864 845 1592
1473 1728 1649
1727 1320 1767
1469 1623 1831
1842 1832 1527
1851 1706 1520
1750 1223 1931
1700 1734 1755
1733 1717 1973
1864 2054 1910
2006 1793 1817
1738 1926 1864
1737 1494 1591
1415 1740 1750
1700 1698 1739
1621 1634 1785
1921 1892 1637
1833 1966 1591
1683 1905 1763
1606 1876 1656
1672 1637 1706
1875 1756 1570
1656 1994 1851
1472 1750 1699
1749 1739 1732
1823 1536 1888
1823 1877 1644
1650 2052 1982
1856 1837 1636
1853 1733 1814
1533 1747 1771
1519 1758 1687
1757 1319 1847
1509 1438 1790
1716 1705 1983
1907 1999 1802
1721 1701 1625
1744 1833 1434
1659 1604 1899
1703 1766 1846
1765 1526 1934
1768 1728 1881
1862 1767 1889
1124 1832 1669
2226 1991 2368
2085 1989 1756
1974 1454 1598
1712 1574 1774
1491 1773 1643
1776 1590 1571
1601 1775 1554
1562 1892 1598
1993 2113 2001
1658 1806 1650
1695 1619 1650
1871 1686 1865
1694 1987 1527
1477 1824 1675
1882 1827 1860
1741 1895 1660
1687 1878 1634
1975 1940 1657
1692 1689 1666
1854 2009 2073
1759 1979 1362
1811 1525 1913
1908 2008 1968
1680 1607 1736
1819 1628 1678
1854 1361 1843
1815 1185 1807
2034 1870 1533
2053 1265 1712
2199 2006 1667
2152 1056 2257
1724 1967 1648
1761 1180 1696
1979 1902 2109
1535 1811 1907
1699 1929 1530
1779 1554 1975
1701 1796 1690
1831 1640 1839
1931 1838 1933
1924 1985 2117
1804 1791 1885
1907 2003 2129
1557 1708 1948
2105 1755 1879
1908 1890 1796
1843 1631 1620
1469 1736 1541
1652 2043 1941
1820 1794 1927
1310 1819 1453
1707 1950 1715
2167 1997 2053
1599 1751 1752
1783 1915 1860
1826 1721 1563
2013 1825 1549
1784 1491 1595
1895 2176 1514
1904 2224 2032
1951 1952 2250
1729 1808 1850
1866 1769 1730
1763 1874 1743
1863 1713 1859
1555 1705 1704
1572 1846 1710
1754 1957 1549
2095 1809 2190
2011 1808 1840
1900 1839 1608
1453 1857 1664
1972 2040 1730
1894 1795 1816
2074 1934 1897
1449 1854 1897
1836 1765 2035
1960 1758 1848
1852 1847 1452
1865 1967 1912
1831 1861 1855
1748 1880 1731
1848 1870 1942
1984 1755 1869
1845 1795 1789
1850 2151 1667
1626 1958 1754
1964 1668 1841
1702 1682 1603
1941 1834 1577
1824 1784 1600
1850 2011 2207
1626 1649 1768
2023 1873 1834
1737 1735 1726
1849 1781 863
1867 1832 2046
1669 1866 1868
1867 1911 1584
1853 2105 1952
1852 1719 1797
1447 1781 1928
1723 1937 1682
1906 1604 1863
2093 1833 1965
1548 1711 1747
1998 1993 1745
2068 1605 1752
1786 2175 1895
2060 1814 1973
1851 2002 1990
1964 1963 1767
1992 2050 1784
2170 2251 2162
1911 2046 2056
1811 2014 2003
2075 2064 1964
1660 1514 1935
1943 1969 1751
1768 1988 1958
1620 1612 1815
1932 2249 1720
1919 1777 1742
2003 2150 2069
2007 2009 1843
1878 1828 1785
4560 4559 2301
1845 1844 1722
1922 1921 2059
1764 1056 1900
1899 2024 1840
1939 1962 1721
1803 1438 1986
1998 2018 2113
2071 1829 1946
1517 1965 1744
1056 1873 2121
1804 1812 1761
1815 1792 2028
2050 1916 1491
1735 1725 1477
1661 1868 1884
1936 1928 1849
2030 1791 1506
1930 1986 1594
1725 1992 1824
2015 1712 1909
1437 1678 1680
2132 2229 1969
2106 1974 1892
4558 4540 2085
1978 1742 1898
2016 2184 1898
2226 2406 2326
1689 1810 1930
2245 2120 2361
2062 1737 1966
1437 2004 1819
2045 1871 1912
1689 1805 1417
1666 1924 1914
1809 1732 2019
1984 1952 1891
1809 1977 1699
2036 1766 1844
1887 1943 1633
2143 2240 1912
2160 1987 1872
2146 1957 1958
2194 1901 2013
1787 1480 2166
1818 2025 1859
2126 1852 2033
1935 2017 1888
2182 1725 2168
1709 1946 1954
1945 1716 1904
1715 2077 1948
1947 1949 1813
2082 4561 1948
1954 2020 1821
2249 1830 2266
1869 1830 1932
2331 2674 2266
1945 2032 1950
2041 2006 2097
2004 2075 1453
1938 2021 1837
1889 1938 1856
1687 1960 2090
1959 1847 2154
1710 2072 2112
2010 2008 1901
2076 1988 1881
1857 1886 1881
2120 1874 1905
2026 1926 1743
1849 1801 2104
1792 2070 2165
1888 1918 2068
2265 2297 2503
2104 2103 2233
1987 2173 1842
1734 1974 1879
1973 1772 1919
1806 1787 2052
1393 1480 1571
1417 1933 2095
1921 2180 2106
1790 1803 1393
1393 2109 2166
2237 2065 2218
1753 2162 1506
1760 982 2071
1698 1853 1932
1810 1417 2259
2118 1902 1914
1782 1937 1972
2140 1889 1963
2114 2034 1771
1880 2078 1672
2512 1770 2004
1915 2108 1882
1778 1994 1876
2002 1748 1993
1723 2187 2177
2254 2234 2388
1998 1312 1822
1876 1997 1903
1761 2130 2000
1999 1723 1702
2163 1778 2304
1880 1994 2163
1812 1885 1893
1927 1991 1956
2012 2296 2158
1955 1736 1799
1620 1611 1894
1792 1701 1962
1789 1894 2110
2070 1962 2195
1861 1839 2024
2005 2046 2040
2021 1939 1826
2185 1885 2065
2107 2061 1916
2422 1922 2123
1943 2080 2132
2297 1903 2167
1931 1720 2148
2198 2077 1950
1957 2145 2013
2520 2565 2454
1863 2025 2063
2152 2011 1900
2023 1941 2122
2093 2067 1966
2252 2095 2275
1611 1908 2165
2462 2036 2128
2161 2065 1913
2302 2107 2258
1829 2198 1954
1942 2034 2125
2033 1797 1989
1846 2036 2072
2035 1934 2029
2088 2041 2201
4548 4541 4547
2382 2375 2403
2290 2012 1842
1680 1955 2037
2138 2062 2067
2055 1818 2094
2151 2207 2387
2234 2048 1928
1884 1866 2012
2477 2289 2411
2119 1517 2045
2481 2268 2153
2156 1909 1882
2170 1657 2191
1975 2170 1753
2061 1822 1798
2062 2168 1735
2057 2122 2043
2103 1884 2158
2101 2286 2055
2387 2514 2360
2137 1898 1672
2084 1879 2106
2235 2053 2015
1926 2042 2054
2131 2121 2023
2326 2076 1886
1981 2014 2030
2479 2294 2247
2310 2042 2026
1969 2155 1877
1893 2367 2231
1968 2010 2382
1983 2136 1904
1961 2035 2189
1789 2217 2074
2073 2128 1844
1956 2226 1886
2227 1963 2064
2133 1947 2020
1990 2179 2137
2311 2125 2114
2017 1514 2172
2105 2084 2292
2086 1949 2133
2457 2269 4551
2081 2060 2291
1711 1920 1771
2274 4557 2082
2360 2199 2151
1437 2037 2345
2175 4546 2176
2282 1959 2222
1348 4563 1556
2218 2251 2480
1874 2245 2026
2212 2043 1605
1977 1838 2027
2189 2260 2256
2201 1955 2178
2232 2143 2159
4550 4549 2523
2192 2145 2146
2212 2342 2057
2169 2284 2178
1724 2056 1971
1967 1971 2143
1869 1814 2081
1978 2060 1919
2031 2015 2156
2182 2236 1992
1980 1803 2247
2213 2186 2009
982 2112 2127
2111 1961 2256
1778 1903 2265
2079 1989 4540
4552 2319 4551
2134 2454 2127
1810 2193 2118
2117 2219 1986
2048 2254 2120
2119 1925 1965
2215 1906 2063
2216 2025 2055
2366 2016 2137
4554 4535 2573
2223 2033 2079
2154 1942 4559
2111 2116 2136
2220 2029 2074
1812 2231 2130
2129 2187 1999
2181 2063 2216
2017 2318 1918
2205 2082 2077
2256 2188 2116
2401 2329 2270
2127 2271 2071
2078 2123 2059
2384 2153 2042
2524 2403 2293
1988 4556 2280
2388 2200 2295
2292 2285 2425
2104 2098 1936
2359 2173 2160
2021 2100 2210
2280 2100 1938
2550 2191 2413
2243 2190 2019
2277 2196 2219
1893 2185 2440
2044 2087 1855
2024 1800 2208
2049 2168 2138
1960 2126 4560
2068 2183 2212
2236 2107 2050
2228 2177 2405
2005 2233 2056
2423 2098 2233
2177 2144 1937
2162 2218 2030
1982 1883 2161
2002 2001 2179
2454 2460 2271
1968 1691 2028
1980 2294 1940
2267 2018 1822
2153 1944 2054
2360 2555 2102
2052 2051 1883
2258 2236 2415
2317 2080 2204
1972 2144 2289
2239 2555 2678
1878 2282 2089
2089 2204 1828
1995 2157 2160
2102 2097 2199
2163 2299 2078
2291 1978 2184
2131 2501 2242
1944 2268 2108
2229 2342 2155
2418 2180 1922
2237 2150 2014
2217 2110 2398
1995 2130 2316
2453 2520 2134
2314 2096 2072
2276 1838 2148
2147 2352 2051
2261 2100 2357
2117 2278 2277
1939 2210 2195
2194 2375 2010
2149 2549 2479
2324 2380 2244
2032 2244 2020
2087 2178 1799
2240 2232 2141
2037 2097 2202
2201 2284 4548
2223 2230 2401
2353 2172 2176
2244 2272 2133
2417 2273 2336
2044 1861 2208
2264 2207 2152
2539 2357 4555
2194 2145 2261
2547 2415 2400
2155 2101 2094
2356 4550 2110
2255 2220 2217
2242 2257 2121
2307 2131 2122
2073 2186 2214
2092 1981 2161
2118 2149 2247
2248 2128 2214
4545 2312 2532
2090 4560 2312
2270 2125 2203
2271 2324 1829
2578 2771 2619
2075 1770 1923
2377 2263 2076
2359 2157 2325
1918 2341 2183
2203 2311 2505
2069 2372 2129
2200 2098 2604
2158 2159 1971
1996 2045 2240
2302 2267 2061
2171 2156 2108
2185 1981 2238
2386 2483 2237
2284 2174 2538
2200 2234 1936
2472 2264 2257
2181 2407 2215
2148 2249 2300
2198 2197 2205
2093 1925 2309
4547 4542 2368
2219 2066 2109
2220 4543 4553
2243 1891 1951
2292 2331 1830
2092 1883 2352
2259 2027 2374
2322 2384 2310
2119 1996 2362
2214 2393 2461
2096 2134 2112
2241 1800 2215
2031 2171 2548
1985 2252 2278
2320 2453 2096
2210 2192 2521
2426 2421 2516
2340 4556 2227
2468 2208 2241
1970 2303 2113
1951 1953 2327
2383 2167 2235
2415 2182 2049
2434 2311 2083
4559 2223 2135
2136 2164 2224
2336 2274 2205
2319 4539 2206
4539 2086 2272
2027 2276 2449
2275 2190 2370
2193 2390 2149
2193 2259 2442
2437 2371 2511
2140 4555 2146
2299 2304 2432
2175 2090 4545
2482 2626 2560
2239 2202 2102
2142 2291 2421
2307 2057 2435
2527 2333 2535
2546 2597 4537
2173 2047 2290
2289 2296 2040
2084 2180 2285
2081 2142 2250
2585 2139 2703
2066 2350 2166
2409 2141 2478
2290 2424 2005
1970 2018 2354
2341 2318 2570
2179 2281 2366
2370 2243 2433
2333 1896 2329
2235 2031 2399
2304 2265 2445
2001 2303 2281
2662 2541 2470
2414 2668 2480
2216 2286 2308
2307 2546 2501
2245 2363 2339
2339 2253 2067
2230 2079 2269
2221 2222 2333
2460 2565 2654
2462 2573 2189
2429 2339 2364
2187 2371 2378
2172 2452 2318
2317 2298 2132
2332 2115 2273
2573 2323 2260
2353 4546 2463
2253 2429 2575
2320 4536 2697
2224 2458 2197
2228 2420 2661
1923 2385 2064
2266 2627 2433
2398 4550 2498
2436 2301 2135
2383 2399 2504
2250 2425 1953
2644 2457 2319
2312 2301 2287
2744 2364 2363
2621 2671 2581
2206 2272 2380
2721 2484 2497
2611 2386 2667
2309 2315 2310
2394 2263 2476
2229 2298 2348
2183 2446 2101
4533 2375 2521
2896 2692 2678
2088 4548 2512
2349 2645 2511
2553 2354 2557
2341 2595 2473
2346 2372 2367
2413 1657 2294
2669 2413 2479
2414 2251 2191
2204 2321 2451
2347 2297 2383
2660 2539 2784
1611 4549 2213
2466 2192 2209
2440 2439 2367
2411 2144 2228
2087 2058 2169
1925 2362 2490
2361 2254 2419
2309 2490 2334
2631 2315 2334
2418 2422 2552
2299 2427 2123
2358 2349 2069
2246 2406 1770
2799 2650 2627
2276 2300 2450
2316 2372 2279
2371 2231 2349
2977 4531 2844
2389 2252 2444
2039 2195 2343
2604 2594 2478
2227 2385 2470
2437 2405 2316
2654 2517 2458
2517 2336 2197
1691 2382 2524
2381 2070 2039
2330 2354 2267
2474 2138 2253
2377 2326 2430
2480 2338 2238
2044 2467 2058
1996 2141 2391
2442 2374 2617
2277 2484 2519
2571 2419 2388
2438 2603 2594
2398 2568 2255
2539 2340 2658
2574 2804 2518
2643 2494 2757
2441 2633 4535
2186 2328 2393
2330 2302 2482
2625 2211 2481
2135 2203 2533
2506 2433 2650
2139 2039 2651
2568 2498 2586
2420 2157 2378
2537 1923 2368
2488 2472 2242
2606 2411 2608
2775 2571 2295
2877 2695 2973
2408 2047 2359
2640 2561 2805
2351 2147 2350
2352 2550 2306
2171 2268 2211
2744 2806 2631
2206 2459 2647
2184 2365 2421
2620 2362 2391
2325 2405 2639
2418 2262 2285
2365 2016 2456
2424 2438 2159
2296 2477 2423
2331 2142 2426
2425 2262 2616
2456 2366 2494
2513 2619 2471
2322 2315 2686
2537 2662 2385
2515 2714 2693
2281 2455 2494
2327 2402 2300
2526 2525 2269
2286 2446 2597
2534 2535 2329
2378 2279 2640
2604 2423 2392
2358 2495 2646
2150 2496 2358
4544 2700 2397
2278 2389 2484
2680 2796 2587
2374 2449 2508
2447 2455 2303
2435 2342 2473
2503 2529 2445
2834 2757 2882
2444 2275 2507
2634 2370 2506
2353 2545 2452
2451 2569 2317
2260 2574 2188
2116 2022 2164
2432 2445 2641
2422 2427 2610
2526 2083 2332
2460 2379 2324
2417 2517 2579
2164 2313 2458
2255 2465 4543
2029 4553 2314
2487 2321 2515
2732 2839 2846
2590 2543 2461
2660 2540 2357
2387 2468 2572
2467 2264 2584
2550 2618 2670
2305 2476 2377
2428 2756 2678
2583 2241 2407
2348 2729 2446
2596 2481 2384
2620 2738 2490
2602 2340 2470
2603 2424 2047
2376 2710 2295
2196 2351 2066
2092 2306 2386
2400 2049 2474
2548 2283 2399
2496 2238 2582
2390 2442 2337
2720 2540 2704
2795 2667 2807
2545 2463 2600
2499 2730 2407
2734 2754 2620
2363 2361 2475
2507 2638 2508
3344 4504 4496
2641 2529 2886
2427 2432 2396
2439 2496 2679
2440 2483 2495
2542 2337 2617
2404 2328 2655
2501 2502 2488
2741 2731 2849
2308 2499 2181
2681 2632 2499
1970 2553 2447
2557 2330 2560
2591 2230 2525
2450 2402 2746
2449 2634 2491
2444 2491 2637
2898 2510 2818
2674 2509 2627
2346 2561 2279
2345 4547 1991
2514 2428 2555
2058 2578 2513
2532 2431 2463
2673 2262 2552
2459 2380 2379
2395 2642 2520
2581 2549 2390
2188 2518 2022
4534 2343 2261
2892 2638 2759
2656 2099 2524
2139 2523 2381
2716 2505 2434
2457 2592 2434
2532 2287 2904
3053 2996 2814
2530 2493 2447
2675 2825 2529
2752 2686 3003
2221 2527 2515
2534 2401 2591
2436 2533 2711
2536 2287 2436
2903 2614 2535
2406 2544 2430
2239 2692 4541
2209 2394 2355
2485 4534 2466
2794 2709 2305
2612 2688 2497
2465 2836 2700
2577 2788 2537
2451 2487 2696
2308 2288 4538
2548 2211 2554
2258 2547 2482
2672 2196 2519
2147 2469 2414
2735 2559 2694
2609 2516 2365
2503 2347 2559
2626 2547 2558
2174 2169 2513
2792 2561 2762
2347 2504 2694
2849 2554 2625
2553 2551 2675
2283 2727 2504
2412 2511 2556
2776 2690 2606
2841 2776 2753
2810 2883 2722
2313 2022 2770
2644 2683 2628
2652 2720 2761
2393 2404 2590
2570 2452 2666
2298 2569 2595
2734 2391 2409
2578 2467 2724
2314 2124 2320
2697 2395 2453
2752 2596 2322
2879 2686 2631
4542 2664 2544
2514 2572 2225
2768 2739 2459
2588 2818 2684
2519 2721 2335
2483 2611 2680
2584 2472 2677
2468 2583 2630
2656 2293 2773
2404 2747 2780
2636 2874 2443
2580 2740 2855
2670 2763 2807
2568 2622 2465
2623 2533 2505
2628 2715 2526
2661 2663 2815
2376 2392 2690
2613 2348 2570
2665 2474 2575
2288 2435 2599
2781 2888 2689
2597 2729 2813
2695 2487 2693
2719 3019 2783
2709 2658 2476
2392 2477 2606
2232 2438 2376
2608 2659 2776
2562 2603 2408
2944 2775 2710
2661 2605 2408
2552 2610 2745
2609 2456 2643
2582 2338 2796
2699 2919 2542
2595 2786 2732
4520 2904 2536
2799 2898 3062
2684 2426 2740
2637 2497 2389
2469 2669 2763
2225 2726 2428
2419 2489 2475
2335 2789 2989
2780 2835 2590
2712 2717 2591
4530 2950 2804
2665 2558 2400
2283 2554 2728
2327 2510 2369
2566 2907 2592
3005 2880 3003
2724 2584 2737
2416 2576 2364
3041 2844 2502
4526 2635 2397
2507 2450 2687
2899 4529 2633
3066 2587 2961
2508 2699 2617
2522 2491 2748
2420 2640 2691
2639 2437 2412
2455 2493 2758
2777 2770 2518
2610 2396 2803
2566 2332 2649
2346 2646 2762
2645 2439 2689
4523 2649 2417
2992 2673 2745
4524 2644 2647
2862 2402 2369
2703 2403 2652
2567 2651 4533
3128 2856 2855
2313 2768 2379
2747 2498 2656
2585 2655 2523
2755 2704 2660
2783 2394 2602
2605 2815 2981
2466 2355 2657
2325 2593 2608
2430 2766 2305
2593 2691 2924
2577 2725 2938
2596 2741 2625
2696 2785 2569
2338 2668 2486
2667 2306 2670
2618 2351 2672
2668 2469 2589
2854 2672 2335
2671 2669 2549
2740 2516 2648
1953 2684 2510
2559 2742 2530
3120 2843 2977
2583 4532 2772
2471 2344 2174
2495 2680 2820
2679 2582 2443
4538 2751 2502
2813 2902 4537
2831 2566 2875
2674 2616 2580
2702 2694 2727
2531 2429 2576
2706 2634 2746
2972 2808 2542
2809 2598 2646
2851 2594 2562
2663 2639 2822
2725 2538 2344
2431 2858 2600
2685 2551 2557
2696 2600 2410
2545 2695 2666
2323 4530 2574
2755 3048 3015
2637 2892 2612
2543 2810 2441
2858 4519 3084
2685 2946 2890
2830 2293 2651
2829 2485 2657
3092 3101 2883
3011 2748 2687
2992 2987 2760
2736 3010 3045
2719 2602 2541
2851 2607 2478
2717 2713 2534
2716 2800 2623
2711 4521 2903
2431 2904 4519
2592 2823 2716
2715 2712 2525
2878 2711 2623
2827 2882 2758
2709 2948 2601
2567 2485 2873
2581 2337 2808
4525 2564 3091
4528 3311 2977
2572 2630 2771
2664 2692 2816
2619 2930 2756
2850 2685 2560
2814 2850 2626
2599 2473 2732
4532 2488 2844
2995 3053 2500
2613 2464 2729
3429 3326 3315
2571 2860 2489
2890 2865 2551
2806 2708 2879
2630 2772 2842
2744 2475 2750
2579 2897 4523
2616 2673 2588
2665 2863 2500
2848 2675 2865
4511 4517 3164
2334 2738 2416
2812 2648 2609
2861 2687 2506
2586 2655 2838
2884 2638 2706
2997 3234 3096
2738 2754 3002
2681 2974 2889
2575 2531 2864
2563 2981 3057
2750 2489 2975
2922 2698 2657
2726 2802 2471
2448 2396 2758
2718 2757 2641
2522 2884 3070
3128 2707 3184
2774 2830 2567
2888 2556 2645
2589 2618 2854
2989 2986 2854
3047 3040 2874
2788 2887 2662
3160 2928 2811
2654 4516 2579
2963 4515 2909
4509 2565 2642
2225 2724 2905
2737 2677 2955
2838 2585 2837
2873 3029 2761
2859 2409 2607
2605 2563 2562
2964 4510 2642
4514 3219 4513
2970 3108 2837
2586 2918 2622
3144 2598 2968
3132 2962 3251
2601 2784 2658
2922 2355 2783
2786 2666 2877
2613 2785 2901
2938 2921 2788
2544 2787 2766
2621 2808 2962
3239 3094 2948
3016 3149 3024
2821 2556 3016
2956 3074 3165
2887 3050 2541
2961 2796 2486
2443 2611 2795
2863 3006 2995
2885 2991 2827
2369 2615 2817
3109 2712 2927
3020 2931 2822
3001 2896 2756
2812 2643 2834
2624 3064 2395
2822 2412 2821
2416 2868 2736
2589 2984 2486
2789 2721 2688
2820 2968 2689
2564 4526 2700
2767 2823 2907
2745 2803 2987
2599 2846 2682
2528 2728 2849
2659 2593 3056
2937 2725 2894
2799 2824 2862
2856 2509 2580
2872 2919 2892
2679 2874 2809
2805 2792 2959
2691 2805 2801
2927 2715 2811
2817 3061 2910
2530 2848 2828
3059 2997 2846
2886 2798 2718
2886 2825 2885
2871 2704 3015
2837 2703 2761
3080 2907 2683
2987 3000 3099
3099 3146 3351
2803 2448 3000
2622 2917 2836
2835 2883 2543
2773 2830 2779
2747 2773 2967
2901 3083 2464
2858 3156 2973
2851 2563 2852
2929 2905 2737
3161 2957 2676
2373 2730 2632
3413 3233 3032
2464 2826 2813
2946 2850 2996
2825 2742 3018
2500 2814 2558
2847 2727 2728
2690 2841 2710
2944 2841 3058
2967 3097 2918
2764 2763 2671
2992 2653 2588
2818 2653 2949
2998 3003 2879
2693 2701 2840
2775 2994 2860
2859 2906 2734
3012 2746 2862
2817 2861 2650
2741 2864 2797
2863 2752 2880
2915 2742 2735
2945 3260 2915
3561 4507 3421
2806 3002 3136
3089 2950 2899
3321 3066 2960
2873 2829 3065
3088 2819 3070
2720 2871 2774
2765 2820 2587
2891 2683 4524
3110 2927 2928
2785 2410 2934
3077 2979 2717
2576 2736 2857
3006 2864 2629
2991 3036 3007
2718 3007 2448
2564 2836 2705
2759 2748 3014
2828 3078 2798
2493 2828 2827
2766 2956 2794
2985 2762 2598
2751 4527 3041
2702 2945 2735
3063 2988 2875
2699 2522 2819
3130 3065 3015
2923 2816 2896
2912 2996 2940
2894 2344 2802
4515 3027 2739
2615 2509 2949
3087 2869 2635
3530 3216 3021
2786 2934 2839
2974 2682 2997
2713 4522 2536
2714 2527 2614
2958 2771 2842
2975 2860 3046
2831 2811 2628
3212 3215 3070
2769 4509 4510
2824 3111 3012
2940 3053 3125
2946 2895 2933
3068 3035 4522
3100 3185 2980
2866 3067 2865
3077 3273 3157
3118 3092 2835
2853 3118 2780
2951 2612 2819
2932 3023 3049
2956 2787 3093
2784 2935 2755
2894 3055 3115
3037 2663 2931
3078 3018 4451
3273 3209 3483
2876 2800 2823
3306 2876 2767
3121 2842 4518
2958 2982 2726
3139 2924 2801
2920 2962 2972
2912 3203 2945
2901 2877 3042
2922 3019 3150
3442 3321 3322
2938 2816 3116
2664 2937 2787
3189 3326 3196
2895 2911 3017
3139 3287 3124
3058 3196 2954
3233 4527 3031
2607 2852 2993
2890 2933 2866
2702 2847 2912
3241 3182 3175
3050 2790 2719
2856 3071 2898
3022 2624 2869
2972 2919 3076
2990 2960 2983
3014 3011 3153
2942 3081 2993
3052 2772 2957
2887 2921 2793
2843 2955 4531
2905 3038 2930
3024 3020 2821
3243 2870 2952
2983 2636 2795
2782 2789 2932
2769 3026 3027
3064 4513 2777
3026 4495 4501
4525 3104 3087
2838 3108 2853
3040 2781 2809
3232 3019 3094
3029 3102 2779
3197 3364 3151
2688 2951 2932
2840 3054 2410
2751 2902 3031
2754 2906 3123
3002 3123 3138
2723 2676 2373
4506 3475 3290
3157 2980 2878
2914 4521 2979
2753 2659 3082
3001 2930 3162
2984 2952 2961
2983 2807 2986
3143 3016 2888
2990 2984 2764
2707 2812 2832
2891 4504 3008
2621 3132 2764
2986 3013 2952
2798 3145 2881
2648 2707 2855
2944 2954 2994
2993 3039 2859
2797 3095 2731
2895 2847 2528
2749 2902 2826
3045 3005 2857
3071 3128 3227
2832 2834 3146
2802 2982 3055
2868 2750 2976
2629 2531 2857
3291 3236 3155
2629 2998 3122
2797 2880 3255
2881 3187 2882
2988 4503 3080
3159 3259 3365
2708 3136 3238
2706 3012 2953
3011 2861 2910
2990 3132 3257
2884 2953 3205
2698 2893 2829
2791 2792 2985
2940 3366 3248
2925 2848 3067
2935 2601 2969
3140 2801 2959
3206 2900 3223
2950 3218 4514
2920 3076 3334
2791 3167 2959
3105 3090 3142
4502 2965 2963
2897 2963 3063
3111 3090 3343
2774 3030 2970
3029 3065 3098
3096 2943 2974
3283 2845 3096
3171 3198 3426
3304 3074 3093
3106 4520 2913
3336 3228 2881
3056 2924 3124
3162 2958 3121
3046 2994 3182
3197 2968 2765
2889 4528 2632
3054 3113 2934
3535 3284 3289
3122 3112 3255
2708 3267 2998
2906 3039 3176
2765 3066 3131
2698 3150 3117
3251 2920 3229
2794 3165 2948
3055 3174 3240
3164 4518 2955
2911 2528 2731
2973 3114 3042
2923 3001 3051
2815 3037 3133
3058 2753 3189
2852 3057 2942
3060 2826 3083
3234 3059 3358
2824 3062 3090
3061 2615 3086
3027 4501 2891
2804 4514 2964
3030 2871 2893
3047 2636 2870
3266 3018 2915
4506 2913 3185
3375 3542 3364
2908 2872 2759
2949 2999 3086
3154 3085 4502
3365 3622 3556
3316 2793 3034
3572 3105 3373
2951 3088 3023
2878 3109 2916
2885 2925 3192
3218 3089 3103
3008 3214 2831
3182 2954 3134
2981 3133 3181
3113 3059 2839
3106 3155 2701
3072 3262 4495
3071 3142 3062
2966 3223 2899
3076 2872 3282
3079 2869 3224
3028 3061 3025
3101 3104 2722
2917 3222 2705
3116 3034 2921
3355 2969 2790
3125 2995 3180
2749 3032 3031
3129 3107 2853
3314 3199 3030
2833 3184 2832
3289 2914 3157
3148 3091 2705
3199 3225 2970
3397 3079 3293
2966 3091 3206
3367 3025 3075
3084 3035 3290
3226 3118 3097
3225 2967 2779
3077 2800 3110
3209 3109 2876
2910 3028 3153
3044 3417 3372
3299 3083 3042
3156 3204 3054
3116 2923 3288
2937 3115 3093
3130 3048 3171
3107 2917 2918
3353 3357 3478
2676 4508 3237
3245 3038 2929
3005 3268 3044
2976 2975 3135
2941 3318 3037
2911 3095 3247
3297 4451 3207
3474 3286 4503
2653 2760 2999
3225 3349 3097
2893 3117 3252
3183 3244 3047
2989 2782 3013
3082 3056 3271
3196 3429 3081
3123 3176 3330
3010 2868 3138
3385 3173 3316
2976 3263 3136
3152 2941 2931
3020 3269 3152
3194 3488 3373
3086 3188 3025
2985 3144 3168
3143 2781 3151
3192 3302 2991
2833 3000 3187
3398 3508 3216
3380 3101 3379
2791 3168 3275
3048 2935 3198
2971 3384 3144
3140 4450 3139
3111 3331 2953
4513 3213 3072
3156 3084 3004
2840 3155 3114
2916 3100 2979
3186 3265 3517
3260 3203 3009
3193 2767 3214
4512 3164 2843
3174 2982 3038
4494 3245 4517
2743 3052 3161
2793 3173 3050
3597 3328 3245
3231 3024 3276
3149 3143 3383
3417 3414 3506
3619 3419 3435
3117 3033 3425
3501 3412 3363
3137 3239 3165
3051 3162 3328
3429 3327 2947
3135 3046 3241
3251 3433 3257
3541 3426 3280
3372 3371 3180
3255 3179 3095
3189 3082 3325
3039 3081 2947
3441 3131 3321
3249 2760 3099
4505 3068 2914
3207 4452 3158
3228 3146 3007
3373 3142 3227
3057 3181 2939
3481 3616 4484
3306 3445 3209
3078 3297 3145
3274 3160 3341
3249 3141 3227
3372 3402 3450
2939 3134 2942
3040 3244 2971
3033 3150 3232
3098 3376 3102
3512 3645 3494
3275 3389 3522
3544 3242 3451
3248 3159 2933
3236 3299 3114
3014 3332 3212
3104 3296 3021
3126 3186 3312
3266 3260 3265
2926 3110 3191
3535 3702 3651
3213 3219 3396
3205 3391 2908
3154 3211 3285
3286 3160 3080
3463 3282 2908
3147 3293 2900
3560 3377 3480
3022 3079 3340
2778 3250 3211
3396 3392 3446
3610 3796 3568
3226 3350 3092
3087 3021 3224
3223 3293 3089
3129 3108 3102
3222 3107 3404
3194 3188 2999
3301 3187 3036
3363 3313 3049
3552 3404 3349
3269 3167 3519
3280 3198 2969
2845 3421 2943
2749 3060 3292
3347 3469 3289
3004 3357 3204
3253 4512 3120
3010 3309 3264
3362 2790 3173
3288 3051 3308
3176 2947 3447
3202 3361 4449
3322 2960 3257
3375 3197 3131
3166 3121 3163
4498 3597 4494
3366 3125 3371
3017 3320 3203
3184 3323 3194
3219 3340 3395
2782 3049 3177
3258 3314 3130
3452 3237 3303
3325 3271 3419
3006 3044 3180
3860 3985 3734
3177 3243 3013
3252 3425 3400
3009 3320 3562
2866 3159 3208
3465 3531 3342
3285 3294 3085
3138 3330 3309
3238 3513 3267
3208 3440 3158
3067 3208 4452
3045 3264 3268
3267 3414 3122
3140 3231 3270
3269 3430 3451
3133 3318 3254
3620 3315 3699
2916 2926 3347
3306 3193 3408
3276 3149 3201
3167 3275 3520
3434 3375 3441
3392 3345 3489
3406 3695 3389
3178 3232 3281
3515 3280 3355
3333 3088 3215
3292 3491 3032
3428 4505 3043
3213 3446 3262
3438 3214 3127
2941 4449 3317
3115 3240 3304
3235 3043 3100
2978 3291 3106
3300 3004 3290
3234 3348 3283
3216 3103 3224
3262 3472 3344
3502 3322 3433
3206 3380 3529
3192 3126 3352
3578 3474 3593
3353 3113 3204
3291 3476 3485
3228 3454 3368
3382 3336 3145
3253 4507 3600
3288 3416 3034
3538 3382 3712
2928 3274 3191
3554 3728 3558
3240 3420 3418
3263 3509 3238
3566 3789 4500
4508 2723 3421
3577 3207 3467
3229 3411 3433
3405 3098 3252
3272 2733 3565
3415 3137 3074
3287 3557 3435
3271 3124 3435
3320 3366 3503
3248 3319 3259
2936 3183 2870
3295 2936 3243
3351 3342 3249
3480 3331 3343
3181 3254 3326
2733 2939 3325
3175 3620 3564
3420 3174 3166
3420 3548 3727
3263 3135 3448
3153 3324 3332
3331 3377 3205
3282 3409 3334
3333 3363 3023
3476 3505 3675
3453 3036 3302
3484 3483 3674
3503 3628 3562
3391 3377 3524
3250 3218 3456
3591 3193 3438
3323 3261 3488
3367 3324 3028
3294 3407 2492
3456 3278 3395
3456 3397 3656
3273 3484 3235
3436 3292 3486
3230 3129 3376
3459 3379 3222
2833 3368 3323
3382 3297 3584
3358 3299 3119
3517 3627 3607
3388 3281 3094
3641 3642 3605
3119 3236 3485
3060 3353 3486
3795 3612 3410
3380 3403 3671
3557 3242 3765
3498 3388 3239
3334 3172 3229
3069 3386 2971
3009 3073 3440
3017 3247 3319
3343 3105 3471
3301 3465 3351
3506 3821 3468
3422 3424 4511
3247 3179 3439
3112 3195 3179
3141 3075 3188
3483 3445 3664
3277 3069 3244
3526 3349 3199
3339 3332 3217
3688 3812 3589
3403 3148 3350
3296 3148 3360
3876 3978 3496
3302 3352 3305
3168 3384 3389
3383 3151 3386
3616 3498 3137
3384 3364 3406
3630 3442 3502
3545 3355 3362
3201 3383 3279
3669 3823 3845
3212 3339 3394
3220 3278 3625
3647 3464 3394
3393 3463 3391
3250 3345 3396
3395 3220 3211
3346 3103 3508
3697 3147 3523
3630 3886 3434
4489 3258 3612
3908 3487 3723
3536 3195 3468
3360 3379 3668
3493 3226 3230
3314 4489 3526
3386 3696 3279
3437 3474 3344
3571 3445 3274
3501 3333 3494
3359 3425 3568
3412 3623 3313
3172 3644 3411
3492 3549 2845
3169 3268 3457
3316 3423 4499
3423 3304 3598
3112 3169 3468
3308 4491 3598
3565 3254 3170
3308 3328 3329
2867 3311 3233
3604 3370 3452
3415 3416 4500
4497 4494 3370
3258 3171 3410
3568 3033 3178
3940 4226 3804
3284 3651 3477
3134 2733 3175
3270 3443 3500
3504 3607 3755
3496 3491 3436
3313 3295 3177
3399 4453 3277
3317 3170 3318
3737 3432 3348
3407 3507 3593
3578 3341 3286
3371 3450 3503
3365 3627 3265
3442 3277 3183
3387 3441 2936
3430 3519 3641
3564 3683 3447
3374 3191 3408
3220 3472 3285
3241 3444 3448
3447 3563 3330
3724 3746 3599
3195 3621 3439
4450 3270 3202
3521 3422 3253
3336 3538 3454
3453 3455 3301
3706 3537 3454
3340 3346 3345
3513 3632 3414
3509 3637 3461
3350 3493 3667
3754 3987 3693
3458 3514 3513
3564 3553 3547
3511 3215 3394
3773 3511 3393
3368 3537 3261
3818 3674 3664
3504 3312 3517
3369 3402 3417
3235 3666 3527
3712 3584 3487
3688 3559 3367
3446 3507 3294
3816 3792 3754
3298 3127 3407
3477 3476 2978
3335 3300 3475
3428 3518 3475
3119 3633 3486
3560 3775 3524
3559 3217 3324
3546 3190 3743
3547 3941 3679
3337 2926 3374
3347 3337 3665
3300 3608 3357
3478 3348 3358
3470 3663 3401
3342 3569 3141
3720 3817 3278
3639 3689 3560
3283 3432 3492
3491 3599 3413
3459 3404 3611
3200 3409 3511
3617 3847 3918
3381 3661 3432
3713 3515 3545
3546 3362 3385
4282 4329 4223
3430 3704 3544
3409 4457 3172
3623 3387 3295
3439 3338 3319
3715 3467 3431
3518 3742 3335
3169 3632 3369
3437 3472 3592
3590 3397 3147
3309 3574 3458
3683 3770 3563
3464 3494 3463
3910 3200 3773
3264 3461 3457
3461 3828 3631
3579 3281 3497
4454 3897 3551
3158 3354 3467
3477 3636 3505
3231 3520 3443
3519 3276 3642
3452 3613 3681
3642 3201 3575
3787 3398 3530
3479 3648 3339
3694 3748 3764
3405 4490 3376
3469 3540 3535
3819 3627 3556
3296 3672 3530
3529 3523 2900
3761 3732 3261
3687 3572 3569
4113 4239 3925
4291 4172 4016
3210 3043 3527
3822 3751 3402
3653 3465 3455
3453 3305 3705
4019 3755 3820
3527 3662 3702
3610 3178 3579
3069 4453 3624
3725 3545 3546
3500 3678 3202
3543 3497 3388
3481 3543 3498
3462 3482 3683
3329 3597 4493
3746 3561 3413
3600 3561 3745
3624 3516 3823
3596 3576 3230
3462 3620 3868
3801 3986 3307
3847 3751 3870
3810 3528 3073
3317 3361 3684
3307 4497 3604
3639 3480 3471
3217 3490 3479
3550 2867 3549
3338 3622 3259
3574 3448 3510
3327 3462 3444
3757 3315 3419
4492 3734 3310
3671 3772 3588
3221 3410 3426
3732 3532 3488
3910 4110 3905
3587 3408 3591
3640 3075 3532
3637 3574 3682
3509 3563 3573
3695 3842 3522
3611 3552 3721
3584 3312 3663
3438 3298 3585
3708 3541 3515
4483 4079 3736
3616 4499 3735
3766 3765 3678
3593 3601 3782
3352 3577 3470
3782 3719 3578
3989 3793 3818
3768 3730 3571
3926 3567 4070
3378 3944 3639
3654 3508 3777
3719 3571 3341
3507 3625 4479
3437 3583 3298
3875 3741 3675
3611 3864 3667
4490 3722 3552
3548 3166 3246
3418 4492 3416
3661 3449 3492
3613 3303 3550
3583 4479 3892
3762 3780 3812
4491 3727 3860
3798 3558 3422
3677 3975 3356
3902 3678 3704
3431 3354 3820
3675 3633 3485
3615 3713 3725
3541 3739 3221
3493 3576 3595
3670 3400 3359
3521 3600 3806
4002 3859 3986
4071 3609 3830
3385 3581 3190
3810 3756 3495
4074 3978 3880
3170 3684 3758
3327 3272 3553
3751 3628 3450
3073 3562 3756
3749 3502 3411
3542 3551 3696
3592 3392 4480
3817 3955 4047
3354 3440 3528
3760 3338 3621
3749 3885 3630
3387 3629 3399
3514 3960 3632
3631 3506 3457
3676 3478 3608
3679 4024 3808
4076 3649 4046
3803 3518 3652
3573 3827 3458
4111 4248 4091
3559 3589 3490
3688 3572 3762
3443 3356 3714
3520 3522 3356
3647 3909 3773
3764 3771 3412
3763 4457 3200
3669 3968 3695
3393 3648 3643
3647 3524 3776
3635 3724 3869
3836 3769 4206
3210 3652 3428
3854 3636 3651
3826 3761 3537
3656 3590 3849
4089 4188 3833
3346 3654 3720
4198 4177 4178
4240 4191 3659
3658 4110 4069
3856 3740 3709
3869 3599 3496
3540 3666 3861
3487 3577 3716
3466 3374 3730
3484 3794 3666
3665 3662 3469
3459 3595 3668
3667 3924 3403
3696 3390 3646
3722 3612 3740
3360 3567 3672
3671 3788 3529
4048 3689 3944
3793 3337 3466
3335 3594 3608
3741 3737 3633
3842 4037 3605
3606 3582 3544
3482 3634 3770
3879 4482 3876
3939 3802 3521
3770 3903 3573
3444 3547 3510
3619 3557 3686
3686 3765 3813
3684 3685 3814
3762 3532 3781
3471 3640 3378
3673 3690 3490
3969 3775 3689
3699 4008 3868
4064 4003 4199
3460 3945 3815
3791 3525 3896
3279 3646 3575
3406 3624 3669
3919 3777 3398
3892 3979 4088
3272 3757 3691
3798 4064 3801
3818 3865 3958
3540 3853 3210
3972 3841 4105
3841 3606 3500
3538 3811 3706
3705 3825 3455
4243 4016 4026
3579 3713 3710
3884 4050 3660
3988 3739 3708
4027 3839 3786
3305 3470 3729
3708 3497 3609
3841 3641 3976
3716 3504 3786
3913 3663 3715
3929 3981 4117
3784 3768 3719
3718 3591 3585
3656 3834 3489
3576 3722 3856
3596 3670 3721
3401 3914 4057
3881 3449 3649
3846 3609 3543
3807 4007 3889
3603 3329 3733
3733 4493 3307
3811 3712 3908
3865 3664 3587
3794 3990 3862
3837 3569 3531
3727 3728 3859
3566 3256 3799
3581 3790 3877
3580 4477 4185
3876 3436 3676
3948 3810 3954
3824 3610 3710
3660 3670 3857
3879 3676 3594
3875 3505 3785
3481 4483 3846
4488 4483 4484
3769 3550 3797
3797 3549 3449
4177 4105 3976
4009 3771 3525
3623 3816 3629
4485 3864 4056
3555 3621 3536
4027 3759 3982
3864 3856 4050
3473 3460 3885
3759 3431 3539
3622 3760 3617
3565 3758 3699
3757 3619 3814
3786 3755 3752
3756 3628 3847
3767 3531 3653
3640 3687 3602
3905 4458 3645
3774 3525 3644
3361 3582 3685
4014 3813 3582
3851 3779 3761
3907 3587 3718
3650 3806 3745
3510 3679 3682
3816 3644 3748
3567 3924 4486
3643 3512 3464
4457 4458 3764
3479 3690 3776
3775 3912 3648
3916 3590 3697
3912 4114 3909
3833 3837 3767
3952 3602 3781
3687 3837 3780
3583 3891 3585
4152 3922 3952
3891 3874 3718
3803 3840 3742
3715 3759 3711
3523 3788 3899
3787 3672 3926
3790 3310 3799
3735 3789 3844
3694 4156 4122
3473 4009 3987
3674 3586 3794
3793 3731 3665
3359 3796 3857
3795 3221 3936
3832 3745 3746
3700 3604 3802
3928 3789 3734
3937 4257 3890
3700 3893 3554
4003 3798 3681
3636 3947 3785
4210 3427 4221
3939 3806 3836
3805 3613 3769
4008 3814 3726
3634 4084 3903
3882 3959 4210
3556 3617 3738
3705 3729 3966
3602 3922 3378
3685 3766 4007
3686 3807 3758
3886 3693 4454
3749 3771 3473
3626 3850 3489
3701 3586 3466
3528 3948 3820
3819 3539 3607
3369 3959 3822
3821 3949 3536
3551 3898 3390
4026 3936 3739
3706 3965 3826
3825 3943 3653
3637 3962 3828
3827 3835 3514
3967 3934 4177
4123 3615 3997
3848 3861 4053
4205 3797 3881
3779 3655 3952
3849 3955 3720
3828 3963 3940
3805 3650 3927
3781 3732 3779
3957 3908 4170
4035 3913 3711
3785 4045 4073
3704 3714 3703
3575 3895 3677
3844 4063 4487
3993 3843 3790
3390 4030 3883
3743 3997 3725
3760 3555 3495
3853 3831 3991
3654 3915 3834
3979 4480 3817
3767 3943 4089
4280 4161 4087
3702 3848 3854
3853 3953 3652
4353 4275 4274
3753 3721 3660
3935 3740 3795
3946 3897 3945
3860 3733 3614
3603 3859 3256
3662 3862 3831
3731 3866 3861
4016 3935 3936
3595 3753 3750
3701 3730 3996
3929 4053 3862
4326 4345 4342
3691 3890 3553
4000 3649 3661
4085 3555 3949
3872 4223 3943
3965 4158 3871
3907 3874 4187
3873 3784 4058
3594 3742 3999
3737 3680 3381
4487 4484 3735
3932 4026 3988
3741 4481 3680
4135 3618 4482
4076 3832 3724
3949 3809 3961
3845 4159 3968
3935 4172 3709
3886 3629 3754
3399 3885 3815
3917 3948 4112
4142 4020 4094
3726 4130 4013
3868 3800 3941
3782 3921 3784
3601 3698 3921
3801 4082 4011
4356 4154 4338
3968 4038 3842
3923 3694 4458
3516 3858 3898
3897 4025 3823
3919 3787 4059
4109 3923 3905
4460 4316 4267
4021 3606 3972
3682 3808 3964
4093 4134 4317
3570 3900 3763
4193 4250 4095
3873 3996 3768
3729 3401 3838
3778 4040 3643
3512 4039 3570
4305 4097 4161
3776 4033 3778
3914 3716 3839
3723 3913 3981
3849 3916 3983
3915 3777 4475
4019 3887 4209
3954 3495 4020
3697 3899 4051
4176 4113 4175
3892 4166 3891
3783 3951 3812
4155 3896 3900
3772 3668 4485
3533 4069 3974
3788 3588 4065
3836 4256 4103
3994 3993 3799
4120 3717 3866
4162 4305 4280
4195 3932 4230
3931 3878 4204
4181 4002 4011
3829 4196 4124
3884 3857 3863
3863 3796 3824
4008 4013 3800
4080 3971 4186
3681 3805 4005
3960 3835 3427
3890 4006 3482
4374 4225 4201
3851 3826 3871
3951 3673 3589
4150 3858 3693
3858 4211 4015
3953 4091 3803
3819 3738 3887
3882 3870 3822
3962 4083 3963
4043 3944 3922
3833 3783 3780
3854 3977 3947
3738 3918 4142
3626 3834 4044
4060 4306 4305
3966 3838 4036
3995 4041 3701
3960 3809 3821
3631 3940 3959
4307 3992 3882
3964 3950 3827
3950 4225 3835
3903 4101 3962
3825 3966 3872
3965 3811 3957
3975 4037 3829
3646 3883 3895
4087 4034 3690
4047 3984 3979
4459 3972 3938
3902 3703 3971
4070 4067 4250
4114 3925 4040
3605 3967 3976
3975 3747 3714
3991 4111 3953
3618 4000 3381
3698 3850 3970
4306 4176 4097
4119 3914 3717
4215 3752 4019
4044 3915 4179
3970 4284 4088
3994 3256 4002
4011 3614 3554
4147 3460 3792
3710 4071 3878
3586 4062 3990
3989 4120 3731
3848 4118 3977
4102 4085 3961
4127 3844 3928
3985 4001 3928
3996 4190 3958
3995 3865 3907
4185 3830 3846
4127 4228 4063
4481 3875 4073
4132 3869 3978
4143 3994 4181
3933 3985 3614
3692 3802 4022
4007 4460 4258
4103 4022 3939
3941 4208 4024
3726 3813 4004
3691 3807 3937
3792 3748 4096
4321 4400 4390
3893 3933 3986
4463 4328 4238
3889 4207 3937
3766 4021 4460
3946 4149 4025
3534 3863 3707
4056 4050 4171
4031 4147 4096
3539 3917 3982
3888 3918 4085
4014 3902 4227
4200 4003 4005
4106 4197 4079
4006 4081 3634
3898 4015 4030
3707 3824 3878
3711 3752 4163
4247 4319 4218
4264 4121 4030
3845 4025 4029
4018 4055 4263
4294 4192 4056
3912 4034 4052
4033 3969 4161
3839 4173 4117
4158 3957 4125
3677 4038 3967
3895 4160 4037
3910 4040 4069
4039 3909 3974
3958 4099 4062
4062 4169 4126
4151 4214 3951
3955 3983 4090
4091 4241 3840
4132 4247 3635
3626 4168 3970
3673 4214 4087
4077 4055 4122
4017 3753 3709
3919 4176 4476
4097 4175 4033
4174 3831 3866
4173 4472 4118
4275 4031 4049
3750 4017 4032
4126 4170 3723
4266 3874 4166
4113 3899 4066
4179 4475 3956
4187 4266 4366
4041 4042 3989
3998 4106 3843
3700 3692 4082
3926 4194 4066
4065 4239 4059
3973 4486 4192
4150 4263 4211
3925 3659 4039
3588 3973 4193
3988 3615 4203
4196 4160 4229
3840 4135 3999
4252 4251 3618
4134 4076 4218
3881 3635 4075
4269 4354 4049
4274 4244 4212
4488 4023 3580
4108 3938 4327
4268 4272 4024
4064 4104 3893
4201 3950 4101
4272 4144 3808
3992 4020 3870
4418 4222 4334
4048 3852 3969
3984 4184 3698
3851 4224 3655
4168 4044 4286
3947 3638 4045
4358 4141 4412
4206 3904 4255
4455 3888 4102
3906 4273 4191
4122 4018 4009
3911 3980 4052
4188 4265 4152
4473 4167 4041
4281 4165 4361
4232 4083 3964
4386 4094 3992
3927 4128 4005
4290 4082 4153
4186 3703 3747
4063 4298 4023
4123 4196 4203
4328 4080 4343
4110 4148 3900
3659 4109 3570
3977 4466 3638
3887 4142 4219
3533 3920 4059
3778 4175 3974
4295 4116 4213
4115 4284 4378
4035 4174 3717
4174 4054 3991
4120 4126 3981
3990 4119 3929
4347 4159 4029
3791 4049 4096
4124 4107 3830
4178 3934 4123
4036 4169 4167
4042 4057 4119
3993 4143 3998
4145 4103 4346
4404 4139 4375
4258 4140 3889
4141 4455 4385
4000 4251 4046
4398 4364 4356
4205 4075 3904
4242 3880 4073
4251 4369 4324
4341 4217 4201
4402 4374 4217
4182 4129 4254
4207 4130 4254
4092 4456 4131
4112 3954 3888
4127 4001 4246
4232 4084 4326
4200 4128 4340
4381 4424 4375
3987 4018 4150
4191 4235 4109
4015 4212 4270
4147 4068 3945
4180 4043 4152
4098 4151 3783
4338 4104 4199
4355 4290 3894
3923 4235 4156
4155 4269 3791
4314 4214 4311
3872 4036 4282
4160 3883 4121
4038 4159 4072
3852 3911 4034
4179 3930 4262
4173 4027 4233
4215 4209 4358
4190 4187 4100
4184 4058 3921
4474 4125 4099
4047 4090 4283
4125 4170 4042
4169 3838 4057
4017 4172 4292
4171 3884 3534
4035 4163 4054
4117 4118 4053
3920 4114 4052
4051 3920 3980
3657 3747 3829
4478 3657 4124
3983 4060 4162
4261 4311 4151
4302 4001 3933
4297 4139 4258
4312 4351 4188
4295 4166 4088
3736 4478 3997
4198 3938 4105
4165 3873 4061
3655 4183 4098
4474 4281 4329
3995 4165 4473
3658 4095 4148
4249 4067 4032
4194 4070 3906
4065 4193 4240
4243 3931 4348
3934 4072 4107
4344 4327 4023
3657 4237 4186
3692 4200 4153
4199 4022 4145
4137 3942 4083
4371 4221 4226
4107 4204 4071
4203 4230 3932
4206 3832 4134
3650 4205 4093
4257 4013 4140
4257 4350 4006
4164 3917 4456
3809 3804 4222
4068 4310 3946
4078 4149 4310
4115 4296 4279
4157 4048 4043
3982 4164 4234
4248 4303 4241
4288 4138 4137
4028 4372 4075
4455 4456 4112
4406 4405 4359
4334 3804 4202
4307 4210 4086
3871 3499 4224
4223 4312 4089
3963 3942 4226
4225 4202 3427
4316 4021 4459
4299 4289 3998
4072 4347 4230
4229 3931 4204
4320 4334 4371
4101 4144 4341
4380 4163 4234
4360 4233 4215
4336 4155 4148
4335 4384 4332
4327 4198 4477
4012 4343 4315
3533 4066 4240
4194 3658 4239
4045 4216 4242
4241 4252 4135
4390 3707 4195
4400 4078 4399
4382 4393 4355
4301 4299 4143
4046 4277 4028
3638 4359 4216
4250 4192 4331
3973 4249 3906
4136 4132 4074
4242 4370 4074
4372 4373 4317
4139 4376 4140
4093 4401 4256
4255 4287 3927
3800 4207 4208
4004 4182 4130
4464 4381 4267
4288 4342 4287
4352 4180 4265
4286 4162 4313
4031 4353 4068
4270 4321 4029
4377 4261 4098
4061 4058 4295
4259 4297 3901
4397 4081 4350
4156 4332 4077
4149 4400 4264
4396 4300 4381
4325 4084 4081
4336 4095 4335
4322 4078 3855
3855 4055 4354
4426 4468 4408
4324 4367 4247
4471 4359 4466
4213 4419 4366
4314 3930 3852
4473 4100 4189
4158 4474 3499
4168 4285 4284
4283 4116 3984
4286 4388 4283
4090 4262 4285
4260 4346 4256
4260 4401 4217
4394 4298 4228
4302 4104 4154
4389 3534 4392
4294 4171 4293
4292 4389 4468
4032 4292 4426
4115 4266 4184
4420 4461 4213
4267 4375 4182
4289 4344 4106
4246 4393 4228
4395 4413 4271
4302 4355 4246
4181 4290 4301
4370 4216 4405
4470 4368 4324
3930 3956 3911
3956 4476 3980
3961 4222 4333
4368 4318 4367
4407 4354 4384
4353 4212 4211
4409 4157 4180
4224 4330 4183
4262 4314 4387
4280 4157 4313
4396 4238 4394
3901 4227 4464
4253 4402 3904
4418 4308 4333
4367 4417 4028
4372 4417 4231
4010 4348 4264
4407 4391 4274
4412 4385 4368
4136 4304 4277
4326 4272 4363
4325 3867 4144
4080 4237 4197
4459 4108 4012
3499 4189 4330
4329 4365 4312
4335 4249 4383
4336 4236 4269
4318 4386 4307
4231 4086 4221
4273 4331 4236
4235 4273 4332
4340 4398 4338
4153 4337 3894
4340 4345 4349
4145 4339 4337
4232 4342 4137
3867 4260 4341
4238 4108 4344
4343 4197 4298
4339 4346 3867
4345 4128 4287
4121 4348 4229
4347 4321 4195
4339 4363 4398
4376 4268 4208
4377 4183 4362
4409 4261 4462
3855 4310 4263
4309 4275 4077
4245 4301 4154
4133 4423 3894
4379 4360 4358
4164 4092 4357
4278 4220 4248
4465 4234 4357
4366 4365 4100
4419 4351 4365
4349 4325 4397
4422 4414 4133
4361 4362 4330
4061 4279 4361
4277 4308 4319
4304 4323 4308
4370 4469 4136
4252 4303 4369
4231 4202 4373
4218 4320 4253
4371 4374 4253
4373 3942 4138
4146 4129 4297
4421 4350 4254
4265 4351 4462
4388 4420 4116
4357 4411 4406
4472 4233 4471
4259 4271 4146
4423 4413 4245
4426 4425 4331
4425 4309 4236
4131 4386 4323
4385 4102 4333
4388 4313 4410
4285 4387 4378
4293 4291 4467
4010 4392 4243
4467 4399 4322
4399 4291 4390
4395 4299 4245
4395 4315 4289
4394 4393 4300
4463 4315 4271
4422 4363 4268
4337 4349 4133
4244 4391 4392
4270 4244 4010
4255 4402 4288
4401 4317 4138
4424 4414 4404
4403 4421 4129
4220 4415 4303
4465 4379 4220
4408 4322 4309
4425 4276 4407
4311 4352 4410
4409 4420 4387
4379 4412 4416
4411 4092 4323
4424 4300 4382
4423 4364 4403
4405 4416 4469
4415 4411 4470
4319 4418 4320
4318 4086 4417
4279 4461 4362
4378 4410 4296
4422 4376 4404
4397 4421 4364
4414 4382 4356
4146 4413 4403
4383 4408 4384
4294 4276 4383
719 313 583
909 719 473
196 4430 405
454 70 4429
4432 807 558
979 773 4431
4434 763 801
585 807 4433
772 904 909
933 4441 772
779 615 820
4444 946 1121
4440 618 818
769 4439 910
4442 799 4436
1127 797 4441
4444 601 581
737 4443 4438
4446 779 795
1130 946 4445
4448 1402 1428
1298 4447 1676
3287 4450 3242
3152 3451 4449
2925 4452 3126
4451 3266 3186
4454 3542 3434
3815 3516 4453
4219 4094 4131
4141 4209 4219
3774 3501 3645
3763 3896 3774
4227 3971 4328
4004 4014 3901
4296 4462 4419
4461 4352 4377
4012 4396 4464
4316 4463 4259
4471 4360 4406
4472 4278 4111
4389 4391 4468
4293 4467 4276
4415 4470 4369
4416 4304 4469
4380 4465 4278
4054 4380 4466
4190 4281 4099
4282 4167 4189
4060 3916 4476
4306 4475 4051
4237 4478 3736
4477 4178 4185
3601 3592 4480
4479 3625 3850
3879 3999 4482
3680 4481 3880
3580 3743 3744
3744 3190 3877
3924 3750 4486
3772 4485 4067
3843 4488 3877
4079 3744 4487
3405 3400 4490
3526 4489 3596
3418 3603 4492
3598 4491 3566
3728 3548 4498
3246 3163 3424
3085 4496 2965
4495 2492 4501
3558 4498 3424
4493 3246 4497
3581 3415 4500
4499 3423 3310
2965 4496 3063
4510 3072 3026
3127 3008 4504
4503 2988 2492
3185 3284 4506
3068 4505 2978
3303 4508 2867
3120 3311 4507
4516 2770 2909
4502 2909 2777
3370 2743 4512
4511 3161 3237
2778 3154 2964
3022 2778 3064
4516 2769 2897
2768 4509 4515
3163 4518 2743
4517 2929 3052
2701 2714 4520
4519 2614 3035
2980 4522 2713
4521 2913 2903
2739 4524 2647
4523 2875 2649
4526 2722 2966
4525 2633 2810
2889 2943 4528
3041 4527 2723
2635 4530 4536
4529 2624 2697
2957 4532 2373
2677 2730 4531
2652 2343 4534
4533 2521 2540
2397 4536 2124
4535 4529 2323
2288 2682 4538
2546 4537 2681
2274 2273 4552
4551 2114 1920
2538 4542 2038
4541 2577 2246
2461 4544 2248
4543 2441 4554
2282 2221 4546
2089 4545 2321
2038 2246 2512
2202 2038 2345
2099 2356 1691
2328 2213 2099
2115 2083 4540
4539 2115 4558
2248 4554 2462
4553 4544 2124
2209 2280 4556
4555 2140 2263
4558 4562 2086
4552 1920 4557
1896 2126 2270
2222 2154 1896
4562 4564 1949
4561 4557 1711
1557 4564 2091
4563 4561 1548
1294 4566 1234
4565 1241 1400
1214 728 4568
991 4567 1105
