0.10141666666666657
0.1113102242821267
0.14483117808295554
0.18195457237906193
0.21389755191518303
0.22551372938953038
0.21248561735480265
0.17949536873940977
0.2116819655767784
0.22505753232972991
0.21498268494507383
0.17643356906913765
0.12851331065185145
0.09897939502876661
0.10681613233235472
0.11321433074432724
0.11735010430800064
0.11854551426561016
0.11649396010016924
0.11139729168322651
0.1068829772465477
0.10141666666666665
0.1089108109345652
0.11471887487935568
0.11803667366777751
0.11827488824920465
0.11527123266465905
0.10937935638668049
0.10136607932163905
0.11148658191161301
0.1450406473547156
0.18216651095444963
0.21403935104196978
0.22549250332666076
0.2123262397556753
0.17974856083460664
0.21185724878327536
0.2251020149748893
0.21479523513923385
0.17610198458022164
0.1312022243505818
0.10548625664025824
0.22466666666666665
0.21636513832889354
0.1789526893276152
0.13100228313328421
0.09847045868611114
0.10636894155008708
0.11287926097580753
0.11717578257789674
0.11856491406190636
0.11671184984354754
0.11178653490802393
0.10443044045139958
0.10021641100610833
0.13141565670043243
0.16781216340341823
0.20324180373651485
0.22450755520525262
0.22081378686904402
0.19024920551097446
0.20191528756514227
0.21887704123551713
0.22466666666666665
0.20832133945058873
0.18543120765490675
0.2155692297463481
0.22568652606246695
0.2101632619666611
0.16850197194979716
0.12098628924394514
0.10045576856926206
0.10809463231744465
0.11414619616734081
0.11779615920564905
0.11841751734382863
0.11578932832530053
0.11020573249136599
0.10239562606355875
0.10783692742038045
0.14068056898374987
0.17769616179689596
0.21092832806354353
0.22367283694605022
15.0
15.23481792995819
15.441840580027868
15.618767596279513
15.76354342150747
15.87441174347664
15.949964612818388
15.989183817478313
15.991472353641065
15.956674259241453
15.88508165031818
15.777428479496688
15.634871263242822
15.458957736893767
15.25158503174637
15.014949473646324
15.22503250274761
15.433330754024102
15.611630052808355
15.757862871209891
15.870258619689647
15.94739305201243
15.988230029136759
15.992153467049633
15.958987712493006
15.889005158940037
15.782920590699524
15.641872469563676
15.467392092787161
15.261362191068013
15.025967047023896
15.212087795717531
15.422055959304316
15.602152973158608
15.750295736304638
15.8646950386772
15.943905336202446
15.98686702012386
15.992938986491348
15.96191972107459
15.894055675708188
15.790036382814591
15.650976480123646
15.47838553443298
15.274127199034616
15.040369759895444
15.202480527164486
15.413675397537403
15.595093900060004
15.74464156565871
15.860515557437942
15.941254713505536
15.985782184353091
15.993438457008153
15.964002960390047
15.897703001303634
15.795209447596422
15.657619299207479
15.486426006335314
15.283479043965487
15.050934778748244
15.18963816175564
15.402456297990526
15.585624667761525
15.737033853861274
15.85486305614914
15.937630483189682
15.9842364723633
15.993997112962198
15.966666539465148
15.902446609439625
15.801983342608137
15.666350220217652
15.497019164393734
15.295820672641353
15.064895117642724
15.1801379510701
15.394144964535514
15.578595792360783
15.731370138932053
15.850634098494133
15.934890798239934
15.983023868800043
15.994331503991557
15.968549257310691
15.905860264128531
15.806892236845446
15.67270130155451
15.504743466678763
15.304835173432656
15.07510491891966
15.167329144924876
15.382923312542983
15.569087364870166
15.723686576703955
15.844869614382986
15.931119509188521
15.981297591322177
15.99467812984496
15.970971800074519
15.910336633557327
15.813375758797065
15.681121960290588
15.515009807001135
15.31683676586398
15.088715264772885
15.157866968654318
15.374622176945325
15.56204032453742
15.717976199004951
15.84056576801271
15.928277390403574
15.97995608607975
15.994858598319006
15.972677351252234
15.913551933002221
15.818067384098239
15.687239288611849
15.522486390132299
15.325592122782519
15.170572912987813
0.10392047054071875
0.10398733710648636
0.10510253013434209
0.10528773645356487
0.10803217659856479
0.1101649790721075
0.11355559779974424
0.11361078535871005
0.11499162269352775
0.11567750908970117
0.11620434727905822
0.11873170824730461
0.1189521114439547
0.11967048301767286
0.12032089401141306
0.12162504969049812
0.12254815590197146
0.12430967195354961
0.12505545153808373
0.1255194845838321
0.1261037672900027
0.12881001400138353
0.12881168887560232
0.12903830016453943
0.13050067101154353
0.1305717563322928
0.13192824984959353
0.13220140062316824
0.13288439394980284
0.13333048150620924
0.13374147003009684
0.1341390700227923
0.13586612549874558
0.13701200459995647
0.13807222294613322
0.1382366629973287
0.13830697681062476
0.1384425180055967
0.1388455027345601
0.14165787745543057
0.14492018832198153
0.14697749481779376
0.16644100470677492
0.17666211129438758
0.1811176007304029
0.18283332022393295
0.18489397719162706
0.19466438933121422
0.1975266395114256
0.20080506712728352
0.22614308150004825
0.2327678829246901
0.23637595812504647
0.23849289232805687
0.2449795813845456
0.24533711442967002
0.2471720458531943
0.24881363491932185
0.24903082415059416
0.24985496145287528
0.25007808536647835
0.25045178953087355
0.2533770475003216
0.2580464441702312
0.25851230813253995
0.2668427749301783
0.2707516529448291
0.2810971953165765
0.28216510793437843
0.28600084608007864
0.28872870559179126
0.28887515937138175
0.2892823333013561
0.2894002115815334
0.29013567411153135
0.29087162393411814
0.29158718141178713
0.29166535550524997
0.292257117664158
0.2931335159451877
0.29340444632719787
0.29388942086109765
14.53354229063357
14.5516405385311
14.569867690571165
14.58833841624468
14.607330706352162
14.608693772095666
14.609848417634268
14.610813151001972
14.635747165555733
14.686821150803475
14.71613232014021
14.722833192538147
14.79832060879851
14.819083849400924
14.851376978618331
14.86391033735406
14.865930959275117
14.871693655209318
14.87431377759899
14.882484188799971
14.900498988884472
14.906410981307669
14.937515315399168
14.954916354508939
14.960378082712023
14.96767501201172
14.989798671890044
14.992537652200538
14.997180291032448
14.997299840020716
15.012131666928106
15.02119700979236
15.032706950310871
15.046076184177306
15.056983082737586
15.062661216210468
15.065634675193829
15.084559722254728
15.090622158868797
15.114080357892401
15.11855395930035
15.14460456588252
15.152255311581838
15.16942839266673
15.175111093250605
15.18280346593328
15.196136612483262
15.203913225691798
15.206082181269313
15.209231137283442
15.215714639339051
15.223285956591742
15.23626886389453
15.243628533467644
15.243846283910596
15.25583957348114
15.264508010825333
15.265891831519575
15.267676897585563
15.285197277148034
15.286198524512239
15.288300788355226
15.29273548118249
15.293132025530973
15.30787471989068
15.314290521192047
15.333081293475539
15.339476738099032
15.350403136129277
15.356714820534155
15.367730834932924
15.373901049132844
15.384417281981138
15.390192277746571
15.40007283121276
15.406998456061789
15.412294998234437
15.440155281367229
15.44509323994118
15.459794336642226
15.464653298342114
15.473184202150957
15.478073634267453
15.48720458892588
15.491910510274403
15.499767974225641
15.50411544185962
15.511425749275347
15.516470993728172
15.52038658012932
15.539952775805798
15.543453012687236
15.553813851379136
15.557165314057826
15.563097670296905
15.566417476166219
15.572885346731468
15.57607970354877
15.581176213909737
15.584052677758786
15.588736506312063
15.591847913781109
15.594343277373419
15.605888743152406
15.607978777161806
15.613802121927801
15.615681712951769
15.618834277290013
15.620533315664177
15.62400893809077
15.625411698076713
15.627821974022515
15.629069134489157
15.632371574141672
15.637163493958006
15.637815420399082
15.63902628572058
15.639407729329996
15.639725710871474
15.639877163291457
0.11239335327491479
0.11306344970609324
0.11538863202235898
0.11609502629743687
0.11675259158299672
0.11693797827558156
0.11782900728291984
0.11959306360253576
0.1203313606565031
0.121700644296725
0.12513686282231534
0.12819706207110043
0.1290621986774808
0.13067546116925094
0.1314954120476054
0.13241424055444997
0.1353755903557737
0.13563150103993862
0.1419507937632546
0.14356630551168847
0.14650908608783048
0.14657586635485503
0.14674571062183098
0.14751467097017099
0.1510614218871463
0.15179594981160047
0.15191618818766484
0.15193056738543437
0.15323052241318946
0.15506127372251252
0.15921817710599273
0.159461994658604
0.16207544243257527
0.16214113960074097
0.16253592145953147
0.16337540622239222
0.16506526250936032
0.16568729450769498
0.16608421502977644
0.16608663701320697
0.17281121563585367
0.18245133612940528
0.18934655527911842
0.19434181932698194
0.23039917068130444
0.24135849976257473
0.25881771231872963
0.2616510399859664
0.2644802319898605
0.268304973608952
0.26879970622767907
0.2768244930109574
0.2805650746654081
0.28150707903314476
0.28400582249793405
0.29533541374320327
0.3097492422905004
0.3277663231329683
0.33537886338819417
0.3394448552338066
0.34111936959794087
0.34590677345247295
0.3469974874983599
0.34782139151274366
0.34889022168591444
0.34921911487091695
0.3537008587881581
0.3574818940841425
0.35958981502020126
0.3621507458645876
0.3652057394490089
0.3691122534778489
0.37028536098947906
0.37365141333532825
0.38213246686999397
0.38275792468136965
0.38317634348850754
0.3838276114607777
0.38429295712981176
0.38565764408120745
14.051053802035185
14.13878881077554
14.223209944944605
14.229254854694801
14.285390370401975
14.296037152925287
14.312484130708874
14.328455141199969
14.35961129029452
14.364134485941303
14.365292194623601
14.384177890628155
14.390987645508735
14.410650638691672
14.410985413151241
14.41524176242225
14.429973880252886
14.436979960425813
14.463490294003623
14.46606371619796
14.510378941249154
14.514218642446341
14.534261817144326
14.585628188046954
14.589253396089854
14.594025776153636
14.60335137084443
14.607795833375844
14.610533872618674
14.612403624053186
14.618823638208816
14.624003174941402
14.626114630533827
14.649996255764206
14.664755692854191
14.666389026660417
14.669555975302824
14.671546189737597
14.676355158522968
14.681473133640992
14.681662133723954
14.688044651059663
14.701097706030435
14.706854534187109
14.709795009729772
14.717980383505141
14.724167406983897
14.729666834922215
14.733857025079114
14.735710343185657
14.737709339084482
14.77875871357261
14.783264900002901
14.784489437740277
14.787472708564364
14.806554413777844
14.80797120270805
14.812638715020572
14.825626493589766
14.829813226167435
14.832270142373506
14.852673905473806
14.858018162461882
14.8581019092857
14.860356953704532
14.86609185590289
14.8898094152341
14.901594790758015
14.920006344025502
14.921365984814557
14.923825521539221
14.953913657395812
14.95575927294544
14.961627023413051
15.098259364056684
15.106938072113845
15.114586552117293
15.15915502535002
15.173028392347375
15.181498993892331
15.185416427813006
15.190957358709333
15.194886527551503
15.200981861717835
15.20634206179198
15.236121474747462
15.245098911916044
15.25046370272344
15.252860618339632
15.256456156251618
15.258803640741663
15.263443227881327
15.265441005214209
15.269623257865497
15.280660096719956
15.284619388009883
15.286557071255839
15.287449257961772
15.288720001198637
15.289304080382824
15.29078051632669
15.291227680258723
15.291884013359654
14.245356918441983
0.1294371395082317
0.134811408589729
0.1454865081682094
0.1931752695456222
0.1989169484860271
13.95606139018712
13.991381055277683
14.176428814465197
14.179353430897969
14.180679250587394
14.34332418879017
14.60887706898483
14.611419146516637
14.744312213257073
0.12287449892028077
0.12331377666723642
0.1251020660360432
0.1258131897037986
0.1290686365995133
0.1310782167854318
0.1311222183358602
0.131827803475307
0.13410740941779242
0.1360132539675556
0.13618151923397612
0.13967152337716782
0.1482385816850212
0.1502636778097771
0.15027727018881645
0.15030512836129303
0.15128630229509735
0.15171577650994428
0.15431462207862612
0.15473373006083935
0.1607308133107252
0.16363937463639808
0.16656149809158619
0.16660503080303551
0.1668540507010269
0.1735264245059456
0.17365753111131493
0.17499015149425082
0.1825381309594156
0.18310145112877385
0.18337350514405723
0.18487814279903203
0.19142257749112357
0.19983187319708462
0.20213369134201983
0.20394719717310925
0.21581714207496988
0.23650808565898696
0.246008455556488
0.25848056555518845
0.26741109738816266
0.33415831718688455
0.34195794790583056
0.34803091831716704
0.3678165146582826
0.372831035156312
0.37865419642815523
0.3798492921153993
0.3798506989477943
0.38257958704441286
0.3826907565268515
0.38647068120492845
0.38676011012843625
0.39663048356791897
0.40283705679118387
0.4155911218096167
0.432254791317884
0.4423159273833726
0.4561338779449815
0.46661545216008155
0.47560869694839336
0.4762719315829179
0.479418342506405
0.4801874881650522
0.4808314938059139
0.481311863276892
0.48297914836666433
0.48535568885698893
0.4904983245982816
0.4912962042751099
0.4937909062771862
0.4939374891530491
0.4974765892715523
13.666474394721202
13.678658527072068
13.722317039315877
13.76299434077706
13.847056656351427
13.951750794512003
13.96331920791304
13.970311015133321
13.97751357008327
13.982743440585628
13.989758785273821
13.991093553741663
13.994013381168259
13.996172285478996
14.03232217868423
14.035443391856223
14.044664486277266
14.055110324364556
14.059265589630044
14.06312230632258
14.08250312078148
14.0860254404652
14.086392812767286
14.097557037242645
14.134184530437965
14.137544823998088
14.141252567796652
14.154939350496534
14.158006709815275
14.162674868408919
14.167393331141003
14.172333211726542
14.212067105142266
14.214066587544266
14.218490884670768
14.221934742178979
14.225859514003648
14.242770569890176
14.246854235517915
14.249871502782545
14.25959089317077
14.260200302974287
14.262015038345321
14.300531848927784
14.305953905125499
14.308731910097631
14.361928789191694
14.373808917308837
14.381973716185382
14.401708015087765
14.405269690316288
14.411381846707958
14.424431547592022
14.47505647134096
14.481192487793
14.487010724329576
14.521605367466258
14.531906446061024
14.538218317686667
14.541147621198474
14.544027146455877
14.597555546631114
14.601935268124233
14.617275219763432
14.625588380617152
14.649912988986117
14.653559536181314
14.654925732160997
14.673807951052169
14.677975232943156
14.680433631369699
14.68162920800875
14.683631829631082
14.686510377990071
14.689038664581474
14.692831917915647
14.69566527922209
14.695836340575159
14.695848277876527
0.14572181792278904
0.1547949992646272
0.15605302392991058
0.1675087943412544
0.16975741059572153
0.17603017722228476
0.1829878195501924
0.18515173155748355
0.29193105621655385
0.30118912890611055
13.796085423968718
13.819280187827758
13.84414010576133
13.862591148115154
13.924617930271195
13.93687982591005
13.93744693841351
13.943117355055316
14.120060179671576
14.2460902364372
14.261532325933251
14.272842680010774
0.1358801351499374
0.13970483037155415
0.14263263527652367
0.14854373293912085
0.1545564792965583
0.16534624680064403
0.17514195365271756
0.17645886040236983
0.18212173630923645
0.18547230653347496
0.18935073659773416
0.18955532664124958
0.19474359594168156
0.24350483799599446
0.4349282007718008
0.49373516718566113
13.425250613721289
13.456006970310998
13.737864936698015
13.740255325041714
13.87379827970731
13.91991447222824
14.03251188513138
14.034327701921328
14.285300623047725
0.13253872067900352
0.13312917623262385
0.1333128948974408
0.13411980418320876
0.1375339657575978
0.14114463490671353
0.14267799331828848
0.14385759749899985
0.15436313328081047
0.15773994638076405
0.15869369784294962
0.16132891631988436
0.17074028910210293
0.17243036959513974
0.17846972353317325
0.17935431717763417
0.1813722550693384
0.18285626252293036
0.1828616313765285
0.18598059532574554
0.18989290339086948
0.19000682425556903
0.20015700281657528
0.2047018188651828
0.22058353556377838
0.29079565835771115
0.34839543438092485
0.3544631787706961
0.3739437534542263
0.3991603959232807
0.40905815875105644
0.4173138961154579
0.41876063224226484
0.4327891153284297
0.433440593936697
0.4561140563652562
0.4961271689933952
0.5042145142398955
0.5350811266911526
0.5376523067004169
0.5381654491298796
0.5476817109865654
0.5539069976671108
0.5568404158757219
0.5575629351827315
0.5627936188947282
0.5667483820687576
0.5680716296936569
0.5926214244766879
0.6076567820668901
0.6091696683963372
0.6208707134985195
0.6293405260309838
0.6326096652218365
0.6398082240293782
0.6410032781708519
0.6416781962886301
0.6438277202276966
13.137382325869144
13.171011699810974
13.304902316169573
13.395182584276505
13.410071424357879
13.473664756047942
13.485752618077452
13.508503030631397
13.510387837263051
13.559885429658427
13.570148391919549
13.577543999753926
13.578485788522409
13.58996328040703
13.59488811924234
13.59798351373571
13.598452891763873
13.603039721561704
13.603199554141982
13.605413631813688
13.612432418011029
13.62149620972961
13.62247079386156
13.646909753491961
13.650781206207425
13.65419983049367
13.658240676532895
13.684393192119035
13.697883203399876
13.719228564959376
13.720619799952424
13.740821681248107
13.75895849725282
13.75933986127113
13.760036445784792
13.7676244307628
13.7687942520078
13.769072816289619
13.810820343460314
13.816643824769104
13.8279820217109
13.8304563897143
13.832440620632504
13.832581614262613
13.849550770134472
13.850005322968869
13.858073850753822
13.859904294815117
13.887578623427295
13.892297258890459
13.895399725568634
13.901823770046894
13.909613006329666
13.911923029033304
13.913350433361032
14.003370642823688
14.008262018662876
14.031337658808575
14.050437173566799
14.05648267788973
14.060916981145507
14.087417494825589
14.087927148424154
14.096198918336418
14.097891071401241
14.100286835193199
14.11025477690368
14.128132006412178
14.140270884704464
14.157282022992899
14.159845412317546
14.16020293925516
14.161215741484426
14.16619065738898
14.166719407592725
14.21348100324484
14.422355087146038
14.424722785196547
0.14437323399222723
0.14786656098264056
0.14948680887626073
0.1551164024091247
0.16489562553029366
0.17353647160095434
0.17497154177170515
0.18069633326167622
0.18788649900147225
0.18938834417265685
0.19061915429214762
0.19513995284162067
0.19703546420589854
0.19983777254611262
0.19995578986207474
0.20027072781599448
0.212718928651915
0.23723934844808667
0.24347941330196363
0.24778652360251785
0.27293511682974886
0.35195073536151034
0.5989964322338823
0.6719956364817417
13.195369227461056
13.222010510493194
13.497593172367099
13.50610129776642
13.640402245482981
13.674586988274264
13.675289118636794
13.768262650154636
14.00377636627022
0.14264902998362244
0.14687377219472894
0.151151190478596
0.16089064956055088
0.16295167163413565
0.1943833202714871
0.2153215984765482
0.2157133079333995
0.21933209119114833
0.24503184868524877
0.2462359727751985
0.41022225286231495
0.4723106992417925
0.47387759629167114
0.5225513776385706
0.6106596375295238
13.026410396772816
13.050895250643286
13.288730563868743
13.301888119053055
13.312093816721832
13.327929932244635
13.336652702884859
13.45130336019777
13.457219599636089
13.472808785565153
13.530643120525415
13.534361460626556
13.573810802292046
13.627947735812233
13.684059344751285
13.68855995558933
13.795618745398283
0.14391303467355582
0.14927544882731458
0.15047755197372403
0.15065711835474607
0.15849894198820647
0.16083513767657107
0.1608809671140412
0.1610790929562764
0.17184829060279913
0.17692026695191126
0.17842599113447238
0.18284115029780335
0.18656965694548994
0.19663889306530005
0.19747295436283432
0.20384437297965557
0.20649319094927196
0.20658247070300262
0.20664809053023095
0.20749955572251108
0.21291330670398165
0.21626182130572563
0.22079921168792754
0.2259528347517676
0.22721601049956497
0.23729525386737987
0.3165979698546697
0.3486424579070415
0.38391446696709586
0.42498840001809807
0.5329870541692685
0.551017795375328
0.5623681072948415
0.5756783736981871
0.5786097867881724
0.5861313553396608
0.5890234443815198
0.5894446251497988
0.5921840277199873
0.6217315746978943
0.6632081426137684
0.7251172065893798
0.7431284269485777
0.7596046441772337
0.7653006512036756
0.769521349092608
0.776290054287153
0.7796432650834739
0.78059864171566
0.7816538212022803
0.7922036135914522
0.7922087218511986
0.7923891749010747
0.8119557680925643
0.8190508896015702
0.8257423917614014
0.8377083533577241
12.824762547359697
12.888720897488467
12.89113350408263
12.967911672984862
12.971588413762234
12.999635950627237
13.055584711606656
13.083107024403649
13.140995221875237
13.190646812013942
13.195020896731169
13.205884802887493
13.217075039790647
13.219929555698863
13.232894708195582
13.235170508626144
13.235254689432855
13.239017763660222
13.239827935905968
13.249554926459052
13.250526435160904
13.25096582316242
13.254249892509863
13.26364721616073
13.267565742975668
13.267738428293644
13.293216203580997
13.30129153948456
13.301324952973902
13.319897572716307
13.335637753191866
13.338813458570574
13.343871235567732
13.347099622024992
13.348925070836755
13.37087946965351
13.373983052944338
13.431863080497124
13.477370340597474
13.478295219800064
13.48091558856255
13.508536000596244
13.510420669903965
13.516238616025577
13.5208991158399
13.52668358280762
13.55906815324795
13.561622992293806
13.562149395479297
13.576174998070726
13.578835185182314
13.593240234926062
13.61923017513454
13.621476821816046
13.623816404772661
13.626122567737042
13.627499834319273
13.633570519220607
13.637407589760855
13.65228638388236
13.702459360430977
13.835950489206038
13.841374291614924
0.1551362097073452
0.1630801443262513
0.16378840200058853
0.17024418701931518
0.17479321730488467
0.17838095668268839
0.1792531064261404
0.18099133290029829
0.1907986021590882
0.2066723423202102
0.2092306894147674
0.21529062987392356
0.22493918511013133
0.22887107042255958
0.2293860359982681
0.2940669209273032
0.34304412491982633
0.34456256359606896
0.3564086485802952
0.4261053368733136
0.4918327022505988
0.5736304936999611
0.5902735063519606
0.6570753757578076
0.663986356458289
0.757996235477855
0.8465157087772999
12.560695109962973
12.590743892857239
13.050503121893437
13.084410195888545
13.084490456540394
13.085527408414114
13.103965588791315
13.180854141833848
13.193879206714467
13.2520994836181
13.380451243004597
13.424507147271706
13.435997640882338
0.15785583067071957
0.16209327150518954
0.16414116520413105
0.16607138304124325
0.16631926046636147
0.17727589423951085
0.19249585945693226
0.19711368573353905
0.20265039429715515
0.21084161530959836
0.21176642039562316
0.2155688994886575
0.22166237542595996
0.2262264924165578
0.24410084914360575
0.2749119119779953
0.2869182602311339
0.43282222667651754
0.7479156084817651
0.7542245457116382
0.7755427657879744
0.9022897373054958
0.9036659872462428
12.64515262460311
12.665762242012265
12.687910349754826
12.776263949727552
12.908612382805273
12.935027399570675
12.943670373640215
12.945289764593785
12.957036282183662
12.959592213334588
13.033468553085516
13.043146863309548
13.090533905448854
13.11008296783535
13.129808991160015
13.197756557560194
13.320309762140626
13.42701394908764
0.16286064781986676
0.16788209846741833
0.16968375828120386
0.17468072151613992
0.17698927864345096
0.1834532895598388
0.1863685318633564
0.20288901999689057
0.20818218728987514
0.21743134565092684
0.21808143957742016
0.22144425559485398
0.2217528573503013
0.22192623677576162
0.23065168889477106
0.23342847866676908
0.23356967978590581
0.23585973581158895
0.237786120859382
0.24076194454361483
0.2449652384481817
0.2483728399576684
0.25311552512998914
0.2609161116036778
0.27186066849406343
0.40911784152137753
0.44352974238039067
0.501196700972907
0.5433649795751779
0.54962797997294
0.5581472376690128
0.5740175001049604
0.6663076520506024
0.6727008250277173
0.6745261175588776
0.7133166545093544
0.786350982941188
0.7941446857224971
0.8505549530277785
0.8626520760126025
0.8641475471096066
0.8688344377664992
0.8829943909851721
0.8850370464677306
0.9053417297324424
0.9265864991352343
0.9735979157401687
0.9792060770820266
1.0120457928718158
1.0178517833026142
1.0304819916293315
1.0355205225288944
1.0568816162215668
1.0576207282575907
1.0665692647375369
1.1211022660556915
12.390238668931648
12.404663375209143
12.431452056771324
12.503353592281119
12.524736538682959
12.617322465786206
12.650978944076007
12.710396430137758
12.719771054664456
12.72017986771997
12.758306880650476
12.767536218041954
12.768920935863473
12.78601573791293
12.795114910164456
12.79961203093546
12.816587231029008
12.824534113246283
12.83665727230061
12.854569730418358
12.865807071637857
12.869030556167523
12.86903541573235
12.870390608085156
12.873063927994863
12.875915320758711
12.880093878613541
12.884899251071927
12.910417321602676
12.913880356947427
12.91531190962512
12.921440510915147
12.925672507106716
12.945191304626562
12.952848230052439
12.953310120695928
12.985768520162697
12.999961181974133
13.00740478980664
13.030229300875682
13.048989938024922
13.05471597162469
13.060291627237664
13.081173220987926
13.086033427243281
13.089272786446465
13.091780820714634
13.094082880564049
13.099308343911119
13.100303822491535
13.124069959167965
13.136918872186191
13.136946942454472
13.149845502358259
13.15030595378697
13.250548534194866
13.258306556594913
13.260238246462787
13.26282657782468
0.170596975806322
0.17705239871580816
0.178441521470626
0.18171156857706283
0.18338341378442546
0.1864414867500525
0.18924034001964524
0.18999346717270943
0.19456763831527818
0.20207082732638312
0.20844971364322093
0.21466589388595633
0.22383060280230432
0.24326983885098427
0.24571751882907758
0.2485925082862869
0.257735784824652
0.2624571276625759
0.28896713646328326
0.33801540912552364
0.35084964793767476
0.37375002080346886
0.41203633282255886
0.6232420623601174
0.6881500137050078
0.6975948873637879
1.0571233345152573
1.0612997798886694
1.0726992655499004
1.072806597965219
1.0834697946254679
1.1084770084409832
12.15134862505587
12.383343828162719
12.569016026687596
12.611730840827295
12.641159066403205
12.689439407246317
12.723564589684205
12.796118345180155
12.80976250179258
12.824704212869115
12.840625331363581
12.844667142786678
12.885284091832766
0.17122861625340496
0.17349668781133892
0.17824496417435667
0.1785361492299553
0.19314772110103
0.19521259521012232
0.21127859154791098
0.2197208402497412
0.239991676103082
0.24425594879556495
0.24721114442100167
0.2508690965501967
0.25698505484382844
0.2586149620684424
0.2597394908081575
0.2688948490665281
0.28839216687931857
0.29278791637753415
0.3319799312768116
0.40115180817665724
0.6152394554076881
0.7670792500040707
0.8208377296923408
0.9287164516823864
0.9748801038545876
1.0802185102829656
1.150455422874722
1.2179767201092389
12.073227437386064
12.193404255731576
12.269671975091889
12.27457085738613
12.292482160161132
12.35824998394338
12.404694839888151
12.464227454419694
12.50887569401161
12.533380720787298
12.579009632339641
12.58321528528298
12.586370775788536
12.601111467711462
12.611062095541396
12.61151149708519
12.664720553292225
12.692451946940196
12.703858370322939
12.705324766940453
12.797238416462676
12.8441088972015
12.875805558577717
0.18682109427838417
0.19001381236490725
0.1908833248097644
0.19273316667647553
0.19298267733396754
0.19789450436538553
0.2013512447015914
0.2033385223531141
0.21006996739343758
0.21018684469059884
0.21037302209058728
0.21608801202905425
0.2218285274187252
0.22468588082945534
0.2286517457999872
0.2310456556535093
0.2391043781516382
0.23928725406116433
0.24094615379377993
0.24773900667937562
0.24828752969853218
0.25449117792015497
0.2643795738142973
0.27556372338750934
0.27887138139124046
0.27991581473645466
0.28009321392385433
0.2997281435778567
0.3746019248217413
0.45082878028120893
0.4979780730539787
0.5270162060787624
0.5593123324932391
0.5608703438457188
0.6078995822115449
0.8346567763337615
0.8549038916502042
0.8627979426026184
0.8739438141557432
0.8919612844889728
0.9129839522770489
0.9246831518922943
0.9607306757890764
0.9853138344911355
1.0697309336200331
1.1528408994090191
1.1677158740782483
1.205979447855737
1.218557541127305
1.235442096575915
1.2457336360616797
1.2574604262130455
1.271189228252389
1.2871169422233883
1.3207026267144866
1.3890247718049675
1.4007736208306456
1.4097789786033526
1.434327761266644
1.4597631607706758
11.81337982458117
11.989527432798303
12.141428319882898
12.16238719081462
12.200740824669943
12.274970221575897
12.295196505797875
12.300857944744886
12.308200107885101
12.311309634745054
12.324801515697455
12.34813303002554
12.386042425285648
12.386753146371452
12.396884829783897
12.408731351010875
12.426395807848522
12.43817513408922
12.454609917346168
12.471171389647061
12.499882358461115
12.50820859207213
12.51444313140815
12.51803757319837
12.527909134016063
12.527917334151365
12.527992156151218
12.52899783299805
12.53056866724264
12.534727163723648
12.546932345868683
12.552348636682673
12.560817087686592
12.5608240342391
12.565326789264867
12.581356591352629
12.59147763243622
12.598631799971347
12.601977757237059
12.61616802024841
12.624181144649834
12.645447147119848
12.646374025873806
12.651988439178911
12.65671266542429
12.680541189872175
12.714938709032058
12.720338085485539
12.724823500805442
12.725872264110073
12.780850756044135
12.78128494114969
0.18606692081060794
0.19126643621024694
0.1913355159453845
0.1918312067681356
0.19307278122082955
0.20004098677475418
0.20040359626901777
0.20059811122010213
0.20120514488460914
0.20389913275519056
0.20406563080202816
0.2081889119201346
0.22050453500720457
0.2243285021819305
0.2502575625687117
0.2637283531988227
0.26673708965933185
0.27462310129158796
0.2772035086718364
0.2785749057995851
0.2797938691651017
0.27990621345913563
0.29078455629802036
0.36653159937283425
0.4001807030549508
0.4825646561057868
0.49654522086837893
0.5925471431107727
0.8257477469860492
0.9254432299435422
1.0614763735601025
1.2288451434312222
1.246584239025512
1.3424100456237344
1.3552894828829067
1.402485022700507
1.4273033067785483
1.4632133929275595
1.4931635898826225
11.782711960233067
11.83410650973827
11.897209484665735
11.93593042596536
11.980063065406043
12.047364488503511
12.068813004608277
12.190787724026684
12.291658207259648
12.310999423614534
12.319741038631527
12.32653260494116
12.373998425813625
12.444405587805925
12.497787063336425
12.52839832188575
12.544069831702
12.574346464730493
0.1928227283834213
0.20641640555228075
0.2184362477337894
0.21853909093875928
0.2304962098292719
0.2351084200406805
0.2358090213842847
0.2385491869355532
0.23883037508567398
0.24766057599216648
0.2528255269111643
0.25408930844974176
0.263877570640479
0.2645930825272295
0.27927245137695605
0.2824176768960973
0.29084633391851883
0.30244697942644033
0.3033206450948205
0.3068262444531027
0.3194305046201353
0.34614764372936635
0.36287767412335936
0.39423551670226875
0.4503979719218977
0.621939845624795
0.6706784795867755
0.8167549528576973
0.8439848877531907
1.098539244522082
1.1896806482802451
1.2020687313772935
1.253016933280506
1.309815518499533
1.4261107984472665
1.4572582216878538
1.4681115389497803
1.5041581587042174
11.695948106449821
11.849192456342905
11.866239303150051
11.949809552003448
11.977954220420573
12.00777223193038
12.092286154378867
12.095426657116402
12.097672934122079
12.18127021329658
12.203487985805193
12.208759224273328
12.222008356830393
12.240262290949772
12.257573972926707
12.257878042304549
12.281365629337813
12.329823495670052
12.33220375341655
12.379230800371296
12.42778512743201
12.44379925729779
0.2049099181644255
0.20763972327955976
0.20907997935191727
0.2112457319116481
0.21357893708101472
0.21500490541038159
0.21822840249178121
0.22286069097317976
0.22493501397459248
0.22537523950460314
0.22701737799479804
0.23435272697090587
0.24135789154635048
0.2522646759621536
0.27359930742230776
0.27526528847336207
0.28147915619892505
0.2814880762093318
0.2914772086650973
0.29412241804626715
0.30019969752281006
0.31158760665792773
0.31280515513362644
0.3172504005889149
0.3589655893358106
0.43634665852625387
0.48423472837614895
0.5480920200660158
0.6754050739304573
0.6782965235421756
0.7908146010083138
0.8632412614569303
1.068532939417988
1.1046838539546449
1.1400555719857524
1.1775973432629647
1.2170999561917404
1.2458714462680285
1.3979515710631696
1.4427402467508141
1.47442752496941
1.6391924538243041
1.651440893407572
1.6819609799284492
1.6886662158621795
1.7220339222547876
1.7358366223764388
1.7680151425899062
1.7906543729784477
1.8250528391638507
1.8531235453100212
1.8963844252737707
1.8971117343924044
11.302548908132803
11.545823400699364
11.65821854137597
11.697072190836046
11.772436773304403
11.779085133593636
11.781388818860707
11.813835041721603
11.836569900088136
11.857436672105155
11.859652267458483
11.867474145545362
11.900396769889113
11.91004688396908
12.004623845954734
12.004660432055388
12.01589367547233
12.025101434605789
12.058373416773534
12.061894897476305
12.075995545763092
12.113842825129193
12.119407259553817
12.135556583734104
12.136466223287472
12.159132200407505
12.15949987948912
12.164700471257488
12.16601180565852
12.169870411987679
12.18469436479338
12.190960591932168
12.197620048479152
12.202510625335481
12.20890415888009
12.210751977351439
12.214011367515255
12.216156639989723
12.220245908445008
12.22720491052924
12.26821158151333
12.29493306819572
12.297468676547462
12.309923652421883
12.32646510677893
12.395771640026968
0.21744180547335806
0.2198428225778337
0.21989703656248
0.2213213281049286
0.23454024480531954
0.23940109412558302
0.24379757949535705
0.2501079222869986
0.26388434372787317
0.26804370465302996
0.27842111832788036
0.28201667713900297
0.289322348562198
0.2994244372498339
0.31178282474690966
0.31706876698580944
0.32144970392815686
0.36908816244219234
0.4351567428889271
0.454180088932351
0.4941251948364715
0.4969430793047355
0.6145747070009138
0.6584768978446487
0.8522763947245422
0.9512745467415786
1.233156358119282
1.2542812660414184
1.4914001742616436
1.5172235731133992
1.6275752281803622
1.6929808731207245
1.7032243586037428
1.7549509255790015
1.8207064968506685
1.8876085423543665
1.8990969920839744
2.0038070534439316
11.365706833293578
11.393171039639887
11.445334933705253
11.494614076598427
11.64276492032007
11.683432535187265
11.808942628112309
11.816558257431126
11.887583492577704
11.954010287073068
11.955572619504455
11.97307933531167
12.076028509330344
12.127750363765163
12.147858023824398
12.173135266038237
12.210431031030808
12.270019760918572
0.2188407379842552
0.21997224069941057
0.23004807384401016
0.230338665034614
0.23628031553073536
0.24329614171033764
0.2451649019966241
0.2458076099342421
0.24853305936766384
0.2501752395937146
0.25511706816922086
0.2664996886429391
0.26764729246299
0.2713095846651824
0.2727730520149128
0.27375955599432045
0.27480517361394835
0.2842365158928716
0.2977237167105663
0.3014674633349581
0.31190258893779577
0.317853957052582
0.31855041981668963
0.32833266824343216
0.3306426244170153
0.3317666360055879
0.34282215736946603
0.34582394112021125
0.35072155295250196
0.564414562346592
0.5835388529208565
0.6466993045465984
0.9054112160899785
0.9528218139618285
1.3431556793660904
1.4412175764830624
1.4474795287267472
1.4492538088828415
1.6476711204595027
1.660212231997051
1.6620134379716593
1.7031048335059058
2.058732550335201
11.37979230304268
11.435092614680304
11.53275332190278
11.56723194245684
11.59964444964492
11.691467916571131
11.695722094692103
11.71507189352814
11.769526396600119
11.804887828059883
11.84672326024343
11.888309246991206
11.921766917357914
11.955957020743016
11.973210785056274
11.98199277497178
11.993199859609033
12.000081732662492
12.04237557094412
12.173068351869052
0.230223969175469
0.23614715275535428
0.23842933598870347
0.2389114927013787
0.24670260578155537
0.2506447289270757
0.2559927640225087
0.26497942969574406
0.2671232777807573
0.2689947744537884
0.27693756193760316
0.2859671889499337
0.29515343508160313
0.3087020214100658
0.318855409593725
0.3257856821012353
0.32610071808884566
0.3361553443388341
0.33739159285353054
0.33974924172980986
0.34875553363638884
0.349051008168616
0.3581615373800926
0.35975741593068966
0.4095902779763132
0.47635953152378135
0.4888954840039259
0.582507647882503
0.6507145539498044
0.8260005464318381
0.9195442825911604
1.08369826710707
1.3287634999101043
1.3696774308232833
1.4721241078742837
1.4793962475648013
1.550750143914943
1.5700337788109706
1.6817407770401418
1.7269759817376753
1.728755562887013
1.969853763079588
1.9701552125178767
2.032857842560785
2.0887759840278948
2.1286917857730487
2.144022875266335
2.2491637180245707
2.285698615219961
2.302654944255365
2.3164400550678246
2.3466547414123613
2.4174494103511583
2.438618661855234
2.476746143021971
2.5252115180183496
10.943168497757103
11.254907990930974
11.265656198126733
11.309576215804212
11.318481193996558
11.346345727434594
11.355908855212423
11.377884760579189
11.420154980444059
11.432174264084582
11.504318975346568
11.534223472798109
11.539743032485925
11.560171717277449
11.575596248340819
11.644725059516002
11.653803287529882
11.656003036391951
11.66673470549225
11.67333836851579
11.682429356615115
11.683345344591867
11.722092977813858
11.736379504918322
11.73642668671698
11.764732752828564
11.806868571597152
11.818545333920653
11.82261763568941
11.823833026559075
11.83046226955856
11.838656209907914
11.86214442341895
11.868867803686685
11.872062571161985
11.876961353597704
11.876995795102552
11.882120616421695
11.905050959299322
11.908746858833602
11.9148334575494
12.023373470109377
0.2480907606733038
0.2497265266564635
0.25469587337179417
0.2598530990249636
0.2631195921166465
0.26664102091666986
0.26674340738894275
0.2679510302975941
0.2755943921729983
0.281934151803942
0.282181606584586
0.29788042731024234
0.3062076508789702
0.3091165325696532
0.30956891649007234
0.31292136594630227
0.3319996133407156
0.3412869611465652
0.3483728519607927
0.37203987315178133
0.4361800431175419
0.46782208570334277
0.5334141635661098
0.6555966909873974
0.6868110563601353
0.8069749429212525
0.8354290554126769
1.2880611220233713
1.4689236329401383
1.7447057824553793
2.0954764825049814
2.111241876789145
2.1455079052512582
2.2627910940971123
2.3498359948324428
2.375270612915332
2.395911643553124
2.4337256217301158
10.90558706286203
11.004627254499368
11.015887751230771
11.279005777004844
11.289854557758467
11.296244941643575
11.303987403091961
11.352829305878892
11.385793089435298
11.585403206489469
11.601154010545455
11.656767165373438
11.713446468065355
11.731409965644165
11.783483341398394
11.796793414149972
11.916718412372608
11.929138935434892
11.963548759647328
0.25638951542875094
0.26284612159510196
0.26291945808387107
0.2668948051371968
0.2838785458107034
0.2860744882430003
0.286750392674766
0.2896736117074182
0.29576908043101563
0.30086058423577267
0.3012992632094379
0.3017302163459832
0.3078564053245202
0.3116891401735634
0.3215745281325738
0.3277695069669504
0.32862538526075036
0.3293594695398623
0.3526556777397179
0.3583467130526679
0.3598272450037755
0.3606291836502331
0.3610575951032762
0.3707347724174559
0.3879137925848422
0.38792602825941114
0.40105317328693124
0.4127104030046648
0.45264582938156994
0.5276702977252667
0.5724012190648755
0.7180043147480324
0.952014006474281
0.9834609961494736
1.25415000238029
1.3418382971732308
1.7324849263397937
1.733937757022003
1.7525692347128927
1.8599971604528254
2.025408876873792
2.3138859859349044
2.3913249633249247
2.4466874775322607
2.47764219103244
10.851798184547949
11.023513201680117
11.06089265344556
11.081458902871928
11.235075010072318
11.260159905951342
11.31317923026158
11.320478619007474
11.337594153654763
11.344226464527027
11.380266109600855
11.48175099692561
11.57811361117488
11.59630692499118
11.623381186683716
11.628555845789545
11.628882270036028
11.632047443078738
11.63252727677105
11.641753465640775
11.643157409861635
11.669723698908381
11.81083111551999
11.82851309494006
0.26982831753903347
0.27048104162764486
0.2742927125305142
0.2776076786363255
0.27971018924230534
0.2818417094366372
0.28278843183203994
0.2873443467607026
0.2936891587268383
0.29994488708175027
0.3011031255368216
0.30148610076677357
0.30651524754875914
0.3081181158720403
0.3287437994984813
0.3405167429375274
0.34283390121312285
0.3531189161304388
0.3598684700807342
0.36128562354941257
0.3727933879149581
0.38033624898033547
0.38399825365764045
0.4300287241854006
0.48074933876729065
0.5057463249901696
0.5744953855401095
0.7669807777759663
0.869067950538411
1.0554196390819286
1.0751210981485815
1.2006818004157405
1.441071617716162
1.745175886080319
1.9443496878602722
1.9878324652258623
2.0472325035547185
2.1241381552897
2.1522491716835246
2.1888250338073467
2.2508065171344476
2.36922607575993
2.863574464781494
2.8668568288038285
2.8811773336274573
2.883924439511069
2.903163522612956
2.9357285753939295
2.94781213349322
2.9791165468365555
2.9973492089109546
3.109913723198273
3.118051460995426
3.1712817846207657
3.1898055641730783
3.25395243714729
10.581254281192681
10.812498974908976
10.840771665241622
10.954379086510091
10.984956155851297
10.985535520756509
10.987072109692928
11.083811181482131
11.094404862985893
11.164033088028187
11.165435285834297
11.208991028158927
11.235912066332133
11.239168541623203
11.268105800057418
11.285999094899301
11.298619019215892
11.320183575056449
11.336775616036292
11.38035247572087
11.39767229634419
11.411357589241867
11.439447162882345
11.479258993168816
11.50744095903701
11.535712947341297
11.537994666529126
11.54772729232273
11.55179128053555
11.558404981285863
11.573204629802342
11.61846598956884
11.653055473962297
11.690282250526463
0.28529935464292094
0.2870577093176116
0.29192870112571817
0.29795243724822673
0.2982870386330908
0.29940845712935776
0.3078299176429504
0.3086332713149422
0.31225937907457507
0.31732491569106186
0.32154846737450604
0.3248656734891878
0.33132704798957574
0.33139320659133015
0.3365132397742876
0.34314819327540524
0.3438590265527342
0.3451862295756786
0.3655179567840568
0.36697168855131584
0.3675179102990983
0.3689333425224552
0.37642027661343935
0.3793015361103368
0.38712700727961336
0.3900529927468542
0.3994005100284723
0.4466106993218722
0.5356984856888447
0.5508650116372207
0.6574866483567399
0.7364874427311789
0.7411488897590401
0.8943457893792546
1.090068279478665
1.2442537737735757
1.2475570362214596
1.7434084214099879
2.044412722769172
2.2524880749180025
2.3961216337725797
2.4913094277951644
2.6499238562231744
2.6760367350745895
2.722845123278571
2.8976499032045724
3.2579013021618466
3.2627917891804747
10.617502161554343
10.79815376858755
10.801017053728604
10.829824874205148
10.831540487182751
10.913812411609555
10.939892156384063
10.952141421727536
11.032486775321921
11.097613316157709
11.103500505302334
11.24522189426787
11.251689751112032
11.283142923735785
11.333359241293731
11.344428623707804
11.354859185214945
11.359324094227043
11.384023902571071
11.403478984396369
11.435661086243707
11.442485191674123
11.52671009944176
11.570366084551047
11.596867295500779
11.60563211636747
0.29235979525622585
0.2988561720095112
0.30073045345745314
0.31240360915515986
0.31298277420283493
0.3164452503537547
0.3210580929679954
0.3275187415325702
0.33102682261330785
0.33263812644504076
0.3363970827635521
0.3402058389622583
0.3418852983849881
0.34579267024256266
0.3695028873610205
0.37722282810599994
0.38757776688040135
0.40554952556655605
0.4091705163371981
0.4222344821458947
0.4402638131466785
0.4408370688053052
0.5053393948497523
0.5721013992910304
0.682261777888304
0.8441243227749746
1.0721872173071882
1.5300921533013105
1.7083967791748997
2.2350329301023435
2.5506199398250873
2.5634986489112643
2.8673099538894
2.988630703689979
3.106151173094625
3.166791088710531
3.370986975407008
10.438439418386505
10.453141139229716
10.55359508229782
10.772976022862403
10.854560890444619
10.87118376070883
10.873552160060376
10.955033153565207
10.981932620017629
11.094400838536986
11.141888097073593
11.270180219029275
11.277486287289044
11.311014480491956
11.316095208217694
11.321260283882467
11.355004974527183
11.447897510574848
11.448933411100363
11.497636508474535
0.3179552700475765
0.32180225209518853
0.32488657364609486
0.3347577402527203
0.3351765459667383
0.3407707309950709
0.34087697262327704
0.341620003485089
0.3422097019316828
0.346603878893829
0.3470394035149814
0.35192198447758893
0.36268382989431275
0.3710507698822679
0.37296935100226436
0.37716874474384676
0.3917145236271935
0.39175065360887396
0.39423406336743483
0.40612277472347064
0.4063605130586535
0.41479821217843743
0.41566421890300226
0.4235608972334238
0.4360215727846049
0.4484379802371581
0.45688283613871417
0.45910763742898014
0.4734503346246823
0.634460044539365
0.7513236887601424
0.8818861726780023
0.8839076068080054
0.8879463537347754
1.082748216476145
1.235625238529186
1.5150318316398215
1.6113021688677827
1.6501650344528458
1.750555476735614
1.8569325328336796
2.4679181776449686
2.6106199552271097
2.7616009157929016
2.945415458978874
2.9587102842650546
3.033494647721168
3.1438284683661264
3.290542548163714
3.425922582012239
3.4703213859399162
3.696386875309241
3.854503401034268
3.8760839745090436
3.944371301766732
3.962034061957646
4.00396145594083
4.007530033895918
4.094531954533
4.172017664432711
4.280223914354706
10.248084795748024
10.499461241282864
10.567090268750906
10.597163920230505
10.63220308898709
10.646743656218126
10.707335937085208
10.727494867025552
10.797685495939515
10.816880423880146
10.834302186716334
10.838313726607906
10.85283258228469
10.879113174617068
10.944069504156577
10.988683555906224
10.992279683312645
11.04801785389872
11.054596832467183
11.055378373025388
11.055576226708439
11.104576049444555
11.106930900276174
11.151210538720186
11.193270361297081
11.21404054015369
11.224440031509168
11.242297310125984
11.259288848266916
11.287033057122304
11.294839428119067
11.312114541565009
11.312205463805116
11.317140506477937
11.369948027802625
0.32056604453760174
0.32064262427986184
0.3209796913130473
0.3224597775026132
0.3254214083110214
0.3339818109269289
0.34232777168219025
0.347241855176322
0.35660625592252376
0.35910790316147334
0.37090077912793906
0.3765398311964735
0.3785651429561216
0.38048031470130533
0.38102798514104724
0.384497715857388
0.39755397247195123
0.41316993748930075
0.42986252494892846
0.4307131304948654
0.43455014715538054
0.4348339469391661
0.4556034659749258
0.5475099005848068
0.5743816119253666
0.6145791343107531
0.639262264729441
0.6510310981766245
0.7025638326499389
0.8686601113271667
0.9463383694338471
1.034773889979605
1.1304644212167339
2.0656281426691456
2.2082832482291446
2.4957932465787924
2.5766495974911194
3.0081614922453013
3.0498759373875
3.248425578247025
3.594746640681554
3.728506068736203
3.853070724247171
3.9513282650336787
4.294827435388795
4.507848515721663
10.133448823314968
10.320177765909271
10.370265556444963
10.397944761784062
10.453334579128825
10.607956508619688
10.63357935838657
10.767575982126326
10.92327839115784
10.986116015248406
11.007694590115833
11.047513973335334
11.05001929868119
11.058929695873038
11.089916415940243
11.090526910221364
11.219906794498291
11.251411108084207
11.285382470749955
0.3364609134743223
0.3534397998060371
0.3555146602657866
0.35637385758372375
0.3641375139302524
0.3653694093845068
0.36674846291433016
0.3693960295810324
0.3722473865153411
0.3752597946287581
0.37601755171343865
0.3788835043078897
0.38039315980858474
0.3863571002039006
0.38998725484631025
0.3914662506517609
0.3936401330190729
0.3989789267758262
0.40097838423895915
0.4073351299116573
0.41475984093479823
0.4165064012611308
0.41727411148577687
0.42068258964898936
0.4276206202010348
0.4401904803178405
0.44246274026574023
0.4438516714286193
0.45658643473486193
0.47582966588995124
0.5006050801907128
0.5181042744671533
0.5380803158806541
0.5708382679734261
0.5807704678299583
0.7554801629785437
0.816707409453618
1.062566136816649
1.0668063986690914
1.2052621165909234
1.2070698105648088
1.2964585361047154
2.2207109201519133
2.2656347495791778
2.3844860953554505
2.808088498374229
2.901431728651091
3.029986424462254
3.4931022610695637
3.687537470510696
3.8119384022723573
4.03840402359303
4.039354685785492
4.115407580837345
4.344125206197632
4.409108874710603
10.10992500592503
10.143806857274896
10.303058322432893
10.351741169256588
10.38082675723784
10.500687406286776
10.522330244259269
10.530002404632517
10.543200169729346
10.676180773653144
10.76068506539222
10.774541045402987
10.81338170205023
10.878294305293762
10.909805381629365
10.963178183289209
11.011527423552112
11.028335843369398
11.048038864995162
11.099524269641673
11.114631950989079
11.118863085580369
11.124681284689393
0.3618737008375935
0.3620122427988156
0.3660909788417555
0.36826670243651943
0.3926229691526042
0.39412326778910484
0.40176760252641147
0.4098503904987907
0.42765868936607004
0.42965388322657067
0.43205316248961434
0.44891770107368534
0.4503372207558327
0.45092082237649506
0.4523951414172497
0.45744130786845905
0.4637897155993567
0.4805870270319573
0.4991248282846483
0.5184844517789324
0.5416701222280771
0.5815666410400907
0.5935690147988834
0.6485040628376579
0.6615498151714272
0.6905403673230105
0.6910433075409927
0.8240128706767919
0.8770731905597715
1.014521819896804
1.2650250575436004
1.3670014167543894
1.3815405705091794
1.4405868703701121
1.4713451727718159
1.6462102023703635
1.849617387234943
2.221375462447914
2.2353219361569927
2.838013165018409
3.0322330972185045
3.181228914108607
3.7817785149421708
4.1234655885317375
4.219704231242988
4.262797846656983
4.30358411829957
4.528332565193961
4.585600256938688
4.738955918161447
9.941874909210714
10.096831807458479
10.28991447510898
10.317702914842961
10.334796237047355
10.399533776499107
10.505090005823721
10.586393395049445
10.657721383774698
10.66122125259976
10.665758850027593
10.723275904238461
10.731747424526334
10.739151836592018
10.767096116234928
10.776023165779332
10.798075386578631
10.80386072875121
10.838513091510201
10.902891498854881
10.93683120926595
10.944213633532648
10.964818453336164
10.976518904458338
10.989970086449842
10.99146156600326
11.011223563544185
11.03833077828245
0.3639300154265413
0.3780164201185659
0.3889860408646847
0.3901543019339973
0.3935370869368783
0.39379988027849583
0.39839441086835914
0.40565981915373883
0.4073265608468315
0.41653994398819255
0.42372916924644793
0.42384349593900406
0.4260806588522407
0.4273624257060075
0.42951998090416904
0.4377499094480606
0.440326352374092
0.44077571089546946
0.4410961321476803
0.4465213620796102
0.46240155568756725
0.46655634018384534
0.4709965336537627
0.4744025565539022
0.480079299319627
0.4979893891047562
0.5011096593306046
0.5071126293384957
0.5158946554398118
0.5462324779483437
0.5740240881713179
0.7906397843141282
0.8177708186304391
1.1632061315010311
1.3796826577799086
1.3914165698114136
1.8231046826769552
2.1947021511937144
2.8064144201741215
3.260462884672624
3.40362379322118
3.546925056486303
3.5943162408514016
3.677836607717961
4.045516930487263
4.113624324366581
4.314156760921906
4.368885369950124
4.876045527867392
5.018807414683656
5.219021877145711
10.00315961141968
10.009960433169418
10.045397693783787
10.182564816976639
10.29756467348254
10.304926055979944
10.353710174582138
10.44054970098553
10.44706716459928
10.468449913889165
10.560158533840951
10.577478994147484
10.608980029207947
10.689915581484676
10.694935836829552
10.747310737397987
10.758175001627853
10.777792617567114
10.785168902125884
10.888936167381917
10.895000899242667
10.90175524672664
10.930927456280756
0.4009594542258408
0.4053861989897416
0.4080322428984871
0.4177455148587124
0.4190624536363761
0.4192935555147823
0.4256368118852821
0.4268465539817815
0.44053792614430426
0.4432233486747655
0.46858872805955176
0.4694398413910212
0.4767899122455286
0.477121337260654
0.4778561033365714
0.4845774791337799
0.4897225402287036
0.49646720467472344
0.4999820500088886
0.5007965778856087
0.5019883696354317
0.5061793456698968
0.5313502542610667
0.5391932855987697
0.5403576414127368
0.5475957867355533
0.5710880287188748
0.6273755774603679
0.6559348683080104
0.7057137177299988
0.7722233713205323
0.7800053217508807
0.8627003896430091
0.9227816605749387
1.9384369032419504
2.211210590874827
2.415930665932965
2.9894207009786826
3.9250163640612747
4.114855669654023
4.121236886119339
4.192125986362807
5.036262877073979
9.934340590009397
9.965014885154009
10.070787388268085
10.198291364032915
10.216001861314854
10.387987542078642
10.393453480269539
10.505648697450017
10.516485766301122
10.573605954411292
10.582999763324944
10.627098885173245
10.657109216907681
10.660851076566424
10.697704964289965
10.739072517071683
10.745300081972477
10.750637038523184
10.769753493784421
10.78838475008977
10.809133943677818
10.892724221546775
0.4109470439709373
0.4138787020918837
0.4184041266490952
0.4229365092708725
0.43309178594738224
0.44078676219365065
0.4430996970650908
0.4451593697882937
0.44661702681137
0.449078697895887
0.452853759470655
0.45921609058968754
0.4763818318865359
0.480946624513906
0.4830438341022738
0.4837049300702096
0.48590715173969
0.49255746365443936
0.4983394546363006
0.508467728604473
0.5094775418922042
0.5173254380824216
0.5298689348554765
0.5500063093848877
0.5531509884615191
0.602838196751268
0.6116750276123327
0.6675138600469583
0.8691355197710975
0.8811609160027829
0.9521876106930309
0.9680220916064852
1.088909734474437
1.1010451142470503
1.1720043109254512
1.3908590271963486
1.4821070924432242
1.6821113727992802
1.7480373586465583
2.2668884523139186
2.513333599977514
2.8528801770683505
3.114690148133758
4.15915000891436
4.252534872216902
4.293942221913027
4.36639610668048
4.612981449070987
9.324291764853447
10.00143476796379
10.098506639773097
10.122650831546038
10.17088780181783
10.232375111770196
10.236611410258663
10.284640045181856
10.32976329343973
10.342201108141477
10.361371055031887
10.451444401707327
10.454302356982122
10.491897937423488
10.506900133400785
10.522479314973634
10.534740719228076
10.586276167817418
10.593713139561324
10.595019402532447
10.598962577204821
10.66076026065232
10.684093604412435
10.68514474359798
10.702375943491118
10.793755422736966
0.430921219470319
0.44480030482429656
0.44596590675969516
0.4460306564191572
0.44834787688879285
0.4688518701148682
0.4769383410857423
0.48030395716631125
0.48701426386424024
0.48796869749352284
0.4971383658247949
0.5024247146258004
0.502952002141796
0.5062578886714751
0.5107238047693559
0.5125771255063598
0.5139283580559835
0.5142895940741726
0.520660329347148
0.5242245640962262
0.534399274612035
0.5413616903847606
0.5472635983482659
0.5580966221736808
0.5631323268859842
0.5692441058347459
0.5765774242762741
0.5806456431161067
0.5818014448565554
0.5839818185573353
0.5868264949340086
0.5891473802308426
0.6409087076209314
0.6717452765138029
0.7190922554728928
0.783624599974934
1.120957051414326
1.6772658522334047
2.000175872574327
2.322091115856157
3.097332479367185
3.2367257167288646
3.9708795991906767
4.2294416002186805
4.474671700373456
4.7103076057165625
4.8871824626178295
5.357122411246172
5.408157397238621
8.89045548530785
8.978167829681949
9.00063016515649
9.581989524545403
9.877259454864198
10.08326697292485
10.102402496256737
10.24404205281211
10.263582662250046
10.311196148211026
10.314409632928268
10.386130290252538
10.398199365488027
10.406047338805568
10.447419686119453
10.452234844823119
10.473485864999443
10.491424363157629
10.497627378947247
10.568903592049367
10.571982969752845
10.583257019733454
10.689588722831001
0.447197013971009
0.46142799830457515
0.466514009215251
0.469656645797072
0.4739062323306269
0.474262306480708
0.4918880219549038
0.4932014629221523
0.5040988877315259
0.5185485068642443
0.5214799199526734
0.5280442115048244
0.5319505404347203
0.5350983814955321
0.5391995759281858
0.5502986357000084
0.5641106544977892
0.568244555898276
0.5732512350240044
0.5771104969990954
0.5831924649133748
0.6064762758572424
0.6188142546947117
0.6254626147314613
0.6559993595289926
0.699167124261938
0.7574918828153929
0.8550703882174218
0.8769707534861638
0.921723636205163
1.0128012685599155
1.0327087975459754
1.0805467928551775
1.1787067852973823
1.1928842244097475
1.3757485143948347
1.8490150699312342
1.9677343290821627
1.9872405046912895
2.449622987727318
3.3875185583993304
4.386527624331688
4.686491696826885
9.064547940420674
9.176114726131889
9.392470832883799
9.63914037165379
9.888484585045298
10.091889605250254
10.111174092497553
10.141506468748517
10.205257180589356
10.206360217382045
10.210664903709894
10.357140730061632
10.357326072847794
10.392246183693235
10.434733342466249
10.447667066639038
10.455693123378555
10.45684220576771
10.470811455743096
10.49181234591472
10.570798013985113
10.609487135656757
0.4684159329125177
0.47490261052577687
0.4835735878090943
0.4929955414096882
0.49489013981596175
0.5200061318436568
0.5205210849649464
0.5337918856648093
0.5403378986058511
0.5427377209073577
0.5483217698036348
0.5484132662679577
0.5513131184758423
0.5523688086882937
0.5618066826098015
0.5779862292708686
0.5788920532911132
0.5983841311364414
0.6085518879865148
0.6132507840704471
0.6132638175467379
0.6138479778375454
0.6170730185084153
0.6322579155993422
0.6397610433060079
0.6435425458114862
0.6472046116357474
0.6567363038023526
0.6575429974587886
0.6661035200258251
0.6782211088526249
0.6874344141227204
0.6953403893995407
0.7041979025754662
0.7053553832421343
0.7759472811965791
0.8162854595205803
0.8218674469224841
1.0088571350926183
1.0948126009382013
1.1880925407635576
1.4204394386879515
1.5148000905585242
1.537767761173955
1.8184405497877498
2.1237461057289653
2.214224152460571
2.806286762915306
3.0313997818509923
3.1035514081992748
3.781182821520355
3.922389491620099
4.394767682751452
8.281909323296157
8.573502643830516
9.220875138402624
9.696982244811572
9.711939351675927
9.826397390836474
9.860483654339149
10.03426451612766
10.135217865911606
10.15652107702194
10.240099783616174
10.243341534201697
10.271813786949393
10.275861868711887
10.277237227004411
10.29445284113438
10.309369928472963
10.311696762372216
10.356153701985594
10.37041981392266
10.373360051386044
10.374346750247522
10.421165140786789
10.46163653022228
0.49979788734663627
0.5057235327260696
0.5085251933771504
0.5331592833029146
0.5344683053556115
0.538712584473588
0.5419772090568822
0.5487653487831572
0.5593531877661845
0.5732561401305398
0.5736101813358783
0.5758915420305674
0.5861623812507135
0.5896804399551399
0.5932772240896714
0.6034284089880848
0.6079109692282507
0.6136307118713812
0.6313050433329592
0.63895543871469
0.7182603259544458
0.7193907641371405
0.7555364037483864
0.7887573836362759
0.8027126150879001
0.8048634872544459
0.9383746761202992
0.9704743674659008
1.1339295315665379
1.155329628608058
1.2043933573326966
1.2739043734679738
1.3008934315013945
1.6053537582842268
2.2504135079052707
2.3656149860793096
2.7068205198946247
2.9699707686170975
4.642522060108298
5.033241168752262
5.365366091443271
5.459067416479469
8.19013895016038
8.36050637442393
8.516524568652255
8.636723137865822
9.135969899100106
9.528063623971843
10.033602758210094
10.038254303361043
10.064784834177363
10.078506405584893
10.089156156325453
10.155439294917795
10.204753886058896
10.20932137988108
10.212368589746152
10.245648042269037
10.26684203161953
10.278838042764203
10.371814594120844
0.5045931555880141
0.5320154598384854
0.5426451009783433
0.5482624756523654
0.5525639093557543
0.5529784390899994
0.560122513833714
0.562748766615971
0.5668030380267448
0.5791664071128864
0.5883245885719474
0.588669214851492
0.6014725669449436
0.606675164889678
0.6069476277923468
0.610232866379198
0.6289468715136854
0.6292183971007633
0.6447115221678951
0.6469644973983961
0.6532241130476109
0.6574294155322292
0.6588953200228541
0.6625240648511401
0.6646294761608676
0.6688892642960529
0.6696142315411825
0.6960240075275186
0.6967262681428364
0.7287696226339547
0.7317249154318904
0.7468143537478772
0.7589664294730664
0.7694271030832053
0.7987050158586935
0.8368672250279062
0.8464528552721998
0.8723443505330795
0.9056953702258506
0.9997469744015612
1.0479906151629708
1.0732811640742599
1.4118232702652576
1.4720902046425928
1.6078607696324776
1.8092785852550661
1.9742172267032032
2.144732587746894
2.1888104312128487
2.559634180210583
3.140765297233199
3.781365333680508
4.103747725114474
4.207972066385541
4.842174186530804
8.190938672406107
8.319716122599509
8.47775651328669
8.571081040583252
8.778275480623828
9.041539915405327
9.129999072743075
9.335932704146911
9.482019613515865
9.628310902617297
10.061617908466486
10.074022150593816
10.096704354571843
10.129710066188531
10.13667306357761
10.137542718084177
10.141647799855011
10.153662224130667
10.174529055215704
10.244666504858003
10.268782837585814
0.5299432914048902
0.551794837260531
0.5852160788678428
0.5980870101683906
0.6077926952259772
0.6092366819787487
0.6117559157983745
0.6241293361852955
0.634928249275108
0.6354116761121819
0.6426777399249561
0.6477774650452939
0.649598156072142
0.6546270132494839
0.6939930542610048
0.694994040099675
0.6965975511915581
0.6979929219140142
0.7234578021957038
0.7384431121734456
0.742363562640441
0.7486575252633514
0.760779446982915
0.8046449882653331
0.8083780930081774
0.820540533347369
0.8610953615858038
0.8821095166121693
0.9342762737022197
0.9450850916233883
0.9520592341546935
0.9665821990270801
1.0717562784454462
1.0949784814979342
1.2050919681782721
1.2071323481350804
1.3052031806571067
1.501560871956349
1.5037149826621476
1.5493559930201521
1.8137926034028897
2.2027999217910965
3.1756891542938086
3.4325677660307776
4.0830475687198895
4.151742155327757
4.383809999013026
5.182145876684233
8.31627536715343
8.411595576526464
8.416579316299647
8.55133985924933
8.845197711672434
8.953995163674128
8.9946023311641
9.333902964305583
9.567034959695631
9.72434426133684
9.764650531586824
9.796399953389978
9.823147791428944
10.00565737553821
10.013136743613394
10.04560742567805
10.05270394667047
10.061724069149122
10.065848279661443
10.066086542233194
10.107683919015372
10.134584823478807
10.169215112228551
0.5707996210091155
0.5727054138595774
0.5738002895309406
0.5811195340012741
0.599392390968484
0.6161974470823841
0.6220815481639506
0.6231261695574281
0.6318974742465086
0.6419509423816521
0.6551166564132143
0.6658219402778818
0.6758828219947607
0.6806658949957225
0.6932057766095997
0.6961654140745483
0.6976716495294615
0.7196721252683931
0.7338750539975719
0.7356422572980554
0.7894472898055328
0.793510762764158
0.8354288002565944
0.8919574413117309
0.8994653210290486
0.9087429952438648
0.9191905396854594
0.9383409360954577
1.0495777406081046
1.1085418219067675
1.2380990115717994
1.2837241809081732
1.4364364574750794
1.5997920115933395
1.7649542807613081
2.19110256513161
2.515273879882628
2.7272072951798725
3.024883634953021
3.2606393912702103
3.7942944314078715
3.8242227242253755
4.677381626300471
5.7481206295232985
7.359825958285291
7.4975718285936646
7.565993749060945
7.872036048629808
8.337626368323965
8.957944593682331
9.322610880671506
9.322866031134424
9.428217558226393
9.634320668767863
9.718882032418781
9.855877310512714
9.886615066823396
9.976402519207186
10.058872321581326
10.06880957422889
10.082867662730802
0.5711063108546891
0.6058680338007424
0.611064259824217
0.6220017210452647
0.6237672075978762
0.6238393272039129
0.6432400503549646
0.6447321063074017
0.6542957458278323
0.6552857251188927
0.6661134942152496
0.6697723834461462
0.6744010282728714
0.6776738140214783
0.6906382738428305
0.6954581498893302
0.6955419883329945
0.6991624753177765
0.711763679745223
0.7154954687006468
0.7244276695584367
0.7251943156537282
0.7265623761910688
0.7352044357411236
0.7439537069488765
0.7799118713573725
0.7928054534598915
0.7929957124930826
0.7957684691778868
0.8251027673106794
0.8416677042734104
0.8448028216721508
0.8480307145627102
0.8682116808464555
0.9069319864851819
0.9217220193945536
0.958006704342858
0.9761389746275578
0.9892165367835783
1.0080916992113267
1.0171601296573793
1.0467226707512627
1.0681631142860566
1.0734104136971145
1.0797999775086733
1.1009160968609764
1.160345997620368
1.3369123684862025
1.5603330445931303
1.5684258242348308
1.6335060376038018
2.0013099286061338
2.25477745600693
2.5974459065374695
4.1244715688396
4.778918411185096
5.736204242507113
7.202333026444092
7.697048513727205
7.777150237898505
7.822392053834415
7.860468165452543
8.091431586687557
8.283877765103608
8.309963822776426
8.363122201845412
8.409890087419711
8.59288089845401
8.876880147436747
9.135687746681432
9.15437043838693
9.213950266872102
9.264227423192715
9.332195067450199
9.373151215238526
9.4954692445217
9.555448057676646
9.643710993480708
9.83015880233173
9.923827067791631
0.6274593162788737
0.6556239644749026
0.6879820827433494
0.693064740102293
0.702749532061911
0.7138665964027843
0.7274312029937311
0.7557537456968897
0.758275664231393
0.7648836789216918
0.7827431421624087
0.7927934950241745
0.7928486663984177
0.8066631674490075
0.8381294151897101
0.8381593403461647
0.8502595901602497
0.9234856059195284
0.9241071884984257
0.9428962664516112
0.9635156584842975
0.9810869298662032
1.015322483454249
1.0203937265991887
1.0352841430479511
1.0500827816460476
1.1056800294902274
1.1563885862932723
1.1884837063255094
1.2125386227813817
1.3693883572309826
1.3832362405736722
1.4435845799954459
1.517602787451346
1.7331630718655324
2.038295512576553
2.047369064891684
2.572741985334812
2.774197609947541
3.026172648517602
3.2803464544504464
3.6942690520512116
3.751312335047663
3.9586563371430086
5.637075051318282
7.253931974785933
7.332517475914634
7.441873632230377
7.582664356979644
7.893164653780091
8.111648213435672
8.219537499558438
8.391501049306099
8.51694329366924
8.662513471426497
8.740714268255275
8.796312456917946
8.844698062081125
8.950970773411393
9.029428193436617
9.093471937992232
9.19927968300952
9.210589598007273
9.263995134829932
9.425040758890582
9.709275087834971
0.6423442245971163
0.6721372293024822
0.6813831168736664
0.693079311950366
0.7159186621318558
0.7263380652471549
0.7290529114056508
0.7343293235616022
0.7403038175909822
0.7405939651071991
0.7443543144648492
0.7457187516512309
0.7666867444516028
0.7678769377251162
0.7928600595371922
0.8151225195078469
0.8221307627360273
0.8240326872066452
0.8877159306737604
0.8966949799955685
0.9067297115947734
0.9091569720547442
0.9253677277380442
0.933027914792342
0.9654420584582668
0.996828828089539
1.0635780924378986
1.0645369031276801
1.0694934248304322
1.0926715302547811
1.1020810306779316
1.1029203842394457
1.1671158558408883
1.2079290983101743
1.21637635367572
1.2266092213506339
1.3300781781154616
1.353908708851222
1.4070289669235818
1.4856369223166386
1.5477412291235395
1.6293817359014136
1.8238469812770748
2.552078658523306
2.5654960291164226
2.6030327941541764
3.2940188276063065
3.9992813057150323
4.649777772732639
4.996656367427873
5.487186711865777
6.721593599543757
7.183292425861146
7.475603501624878
7.634305611914134
7.732855495403888
7.760609089773508
8.018490881895366
8.062428512178471
8.097061849533791
8.128239437731535
8.43624269865226
8.43653437736109
8.458460067047904
8.50607290947087
8.54311967810337
8.718729207367428
8.72071095184631
8.844590371692693
8.953088246860716
8.968469682238542
8.974463048165486
0.6695410254524365
0.6939018296381954
0.6979270260916093
0.7005420923794695
0.7243538478479024
0.7358160756427006
0.7503453395061909
0.7661198446639543
0.777948992183765
0.783704961275624
0.7879260379630418
0.789779015271068
0.8000929858594695
0.8020592370316353
0.8136689048543113
0.8179941421070254
0.8284452975235947
0.8318533274511742
0.8785418395356875
0.8882303298588079
0.8894267545227134
0.9194634104663265
0.9321812639042777
0.944683206063118
0.9471053127809392
0.9539404807548859
1.001482940099472
1.0201522695311036
1.027112574072504
1.0318049023600657
1.041656429761165
1.0692203591399452
1.1416702379259434
1.1533560442311361
1.1546911294065465
1.3038979526286658
1.3109670069451707
1.3338478752662397
1.4412241860866026
1.5162371285537992
1.603480975534514
1.6227740454477553
2.1865246351352114
2.2145101901796047
2.42345730935576
2.797047157092747
3.3892544533752345
3.4930697194165337
3.762579398194157
4.423542955579562
4.571935495427715
6.81415268607445
7.019903354132863
7.04329562090369
7.259113660292714
7.260376229354087
7.2694493857671
7.519717807821445
7.6185977600437615
7.757421268727296
8.13773373132066
8.249992391655775
8.356874206644738
8.367864726270787
8.455328250584591
8.523077640716163
8.556526371902224
8.725337843771625
9.011303668910342
0.6804115422823198
0.7251934327455148
0.7522445167903894
0.7570923034578958
0.7642943336169478
0.7730983109188735
0.7817397233531691
0.7938170870833662
0.8287996505939841
0.8344748033985608
0.8484630562540583
0.8723210223112083
0.8950245733192941
0.8992784123954427
0.9013391737519341
0.9022789429653177
0.9221406291523961
0.9676471461547368
1.0201622780154909
1.0457500137306293
1.067078945236481
1.0772373661782084
1.0844319056263956
1.098845690438825
1.1022230311653511
1.1587013554061252
1.1602182896375206
1.1832115813414459
1.18670542051556
1.1970139790995051
1.2088606244672908
1.290902445546118
1.3336287854162634
1.3633339656264292
1.3932206350228205
1.4243120135161071
1.4992103404284989
1.5076417828376873
1.5128456863319746
1.691107293397483
1.7082641835128862
1.7560541087002246
1.7778638755118097
1.8457039161499302
1.9646552671207524
2.749688498059008
2.820076879814119
2.822999441917272
3.203848919254838
3.5252275669846993
3.589380933102367
4.431493504833004
4.973071583403597
5.254104267305406
6.572942544972425
6.678935274628173
6.730102797773233
6.971027180517637
7.10150451332893
7.204148237951317
7.306821229622434
7.329789161065792
7.332222284905845
7.519978410021887
7.611183281718624
7.651256777749868
7.665356904670674
7.694742183461046
7.704143241302133
7.752246755352697
7.86799235543189
7.916925879422619
7.939480785521441
7.9474267884022165
7.984031843714496
8.0343398538215
8.089432234020373
8.15313377785201
8.198529625417532
8.272627043470862
8.326720012224447
0.7624020435404851
0.7788476217725139
0.7927218728837077
0.7939800815519475
0.818312628690267
0.8195597799692915
0.8291553295665188
0.8487988806624537
0.8526928744985065
0.8577932092627119
0.8591305639277045
0.869426716114055
0.8870935891916781
0.9012873326300106
0.914210990363373
1.0009743247401988
1.0106777354320429
1.045125721306132
1.0760403980003956
1.094718496936712
1.1338139080415433
1.1359292476905707
1.2008528032328856
1.2776338943164678
1.3078753901702416
1.3227415311788724
1.3929243030683498
1.415677622086588
1.4242450582382942
1.481870123714255
1.4920400307077133
1.555345459077154
1.6343445273434207
1.6428753064929842
1.6515786532401937
1.65635003159504
1.684514776470482
1.8165980439737204
1.9493283938281296
2.3913290163519942
2.4426818592357877
2.4452812142234115
3.146358204985477
4.486689349293748
6.044997279258926
6.10213716262932
6.181230050276158
6.238067689166074
6.301589792230095
6.46714239765186
6.673912162598317
6.89897093945168
7.089383950473135
7.138766147352813
7.308961466373542
7.38652923970509
7.451090112034461
7.839198014879482
7.863659244193537
7.886756638259234
7.995767651777517
8.213572555551805
0.7488951498048987
0.804521310473702
0.8248484132512635
0.8638253514940364
0.8650433722711458
0.8686591504181993
0.8743794292774454
0.9227876495000231
0.925946050742991
0.9331636037933709
0.934706086856063
0.9602030381471485
0.9820389215852903
0.9860132881676787
0.9902169584946676
1.021618430621635
1.0300873299316522
1.0442296072157977
1.0559795782334243
1.0805879773283495
1.0867723946813783
1.136624163074491
1.1507252372237795
1.1918544520010415
1.2004620477792622
1.2048618722595474
1.2331617963216412
1.2408493899578814
1.3119726674282752
1.3513544711256185
1.3714672630308136
1.4373479685654187
1.5138210755790655
1.538173987742701
1.5441117303678356
1.601776023778496
1.6509771339172166
1.7137210511440202
1.7747086028291816
1.7761767027861037
1.8048695149034493
1.8462689429824906
1.888253193816992
1.984719111084619
2.290864842930086
2.709275746589594
2.8318817048370772
2.846454910415666
3.1332674093327144
3.888194847438563
4.915797340867332
5.745663343889792
5.78752162856542
5.8640444167384125
6.138826662493982
6.295934005512837
6.36340089791824
6.575789238170979
6.714393798688759
6.759699077202864
6.81460761491282
7.062521583934643
7.088573115940367
7.092165659685667
7.1429822225755615
7.279369056417783
7.359700981624789
7.379724026764541
7.381619024414383
7.396357139211885
7.569962686746176
7.570213111379059
7.62097564999104
7.639711482312263
7.741576262357105
7.751198814066745
7.783957927105875
0.8583684584957332
0.8668054900983162
0.8703013973166563
0.8940345428222467
0.8943289912588062
0.9065538349458171
0.9085483771351717
0.9293007029280816
0.9512604398796487
0.9552782270089164
1.0173721672571205
1.0348084436794833
1.0490367403583474
1.0965091956452062
1.140817022603484
1.1578590144667111
1.1824870608847138
1.1858416898937998
1.2459406510421727
1.2685380755777702
1.2733030198531756
1.302153819473925
1.323750158224561
1.3269547547083882
1.3284656336436336
1.3417038686104146
1.388417115158984
1.4588261182857258
1.5075758086288924
1.5103073393413913
1.5188935355550388
1.60045347129268
1.6991147814975427
1.735613386441667
1.7504049276165812
1.8309966771832946
1.8349890431809532
1.8592841695869669
1.9028462721827355
1.9186598284154166
1.9395074239992396
1.957514526795537
1.9700793935225651
1.9799792843667436
2.098845567592612
2.2471091256635294
2.534126650660642
2.698865054845721
3.476509832007535
4.0462021445974505
4.121403090949675
5.83265900061225
6.173535644136856
6.284573073882073
6.45448532774208
6.500908715341392
6.579672139348863
6.679914702409072
6.703435364654912
6.719990090509379
6.725026951749596
6.892356504635265
6.90470417724083
6.9327374508405395
7.0164112983619855
7.118815819746947
7.168151293398856
7.219295844541201
7.265070174442197
7.428786473494148
7.479041960852669
7.54506434614928
7.55191126361658
0.8132564369057727
0.8506612372213358
0.8816357198647249
0.881956378379274
0.8981367441764139
0.9369182406859861
0.9386494430907234
0.9447328608244023
0.9713587046868257
0.9867343741957529
1.0010800810508802
1.00416480495738
1.0223543218000992
1.093980709741
1.1849017198335803
1.2222326434115824
1.2268473699500153
1.2423972951665478
1.2561355489825456
1.336555099450463
1.379038813144868
1.4032527291154626
1.5174871133967234
1.550466208932648
1.5919137184270264
1.6464977832529217
1.6844442856543993
1.706617126216784
1.7161992914923019
1.7234770389184273
1.8134456954342335
1.8951559434985035
2.0588607406787904
2.085000343449477
2.2346703501745986
2.2610710741659106
2.6172796553605853
2.6893078958495233
2.700414418582271
2.7172056760443364
2.743037687305367
3.2083028850292443
3.4643682442175603
4.403328527626434
4.595504107684085
5.155146323201777
5.462058000421949
5.517834579762463
5.533892732848151
5.621553871293472
5.779647264865503
5.873056887066666
6.191460478270108
6.207933733624372
6.211019076006921
6.416532604688619
6.421041675708583
6.483090166546365
6.565498535322297
6.694205997869627
6.705033268344322
6.718909855152261
6.77041614568201
6.795056860449223
6.839033897760828
6.94684969754357
6.974783801279511
7.114367472976535
7.1300827945036795
7.217246116227221
0.9692803569518909
0.9740363508997132
0.9834040950470667
0.9876004267882672
1.042757974432074
1.0613660022157205
1.0627101699865624
1.0797922158181943
1.1290043416000788
1.1575765583265454
1.1697376339890226
1.1738935099125305
1.194502500044014
1.2200679515526562
1.2279929245565875
1.3282058461262292
1.3839764103140861
1.3859357095589622
1.4394375046296344
1.4426622882503382
1.4597646776705187
1.46496629479018
1.4828515710727062
1.5040167633686932
1.5824953083189404
1.591564288219743
1.6419393189776281
1.7397033714882537
1.779768876921365
1.78108988611149
1.796717535205333
1.8093804667424922
1.8269771612417547
1.8677741621630308
1.8922541979898442
1.9163199374802276
1.9688785148117987
2.0370491353861677
2.040823273682364
2.047771439631288
2.05103917956368
2.0650658007959177
2.0967309986505143
2.1428581558036344
2.143338432415573
2.2361013881858147
2.376467266465352
2.3944793997979805
2.40413542728185
2.6289736686834977
2.785611472899668
4.235128429443829
4.318325394054764
5.33584126610535
5.485997943117475
5.615611687634276
5.704316606984619
5.758702707701968
5.841013295895966
5.869001715834212
5.97705483718991
6.025375611735249
6.270997252259904
6.346219315538897
6.406675314809211
6.484712828280603
6.61836108295859
6.654149422550369
6.6755085443312066
6.677842844911559
6.713420105855182
6.772026023012862
6.801726987965258
6.819313300951747
0.9072632256375389
0.9646028791193914
0.9783819381945659
1.0056928796047764
1.0078566576813315
1.0242896202238247
1.0261503744564375
1.0319407222586496
1.0379929226052318
1.0391713002556706
1.04501862877112
1.0763264444825584
1.0942549552006164
1.1143288662305815
1.1513439752094405
1.1822488847106876
1.2471549431637823
1.257845666961652
1.3045542217507649
1.3123576639884604
1.3342041741938329
1.335672100021823
1.3359649071411135
1.403644675350644
1.428844350861048
1.4864685505150443
1.4949057301576003
1.5554880510248754
1.7012966046717675
1.7477026740190875
1.8584598272251243
1.8753849434600753
1.935157142198195
1.9848661472124522
1.9906239746323418
2.0501800107593606
2.0967821388300827
2.1145034955036897
2.3713064603030176
2.3843713063879575
2.395991059627283
2.515060953557246
2.5687772346905553
2.6412581236361308
2.7381184627497883
2.7844952288945892
2.7855321843939906
2.9425437468963387
3.854752786043297
3.8893273435941254
5.405867541273016
5.566407673917373
5.59597422382703
5.820440025527157
5.847992152764867
5.858659027991481
5.886578963395712
5.907574758829433
5.99916358276156
6.0067346843460045
6.055304066742911
6.067264119964743
6.105302812736533
6.1170775708259555
6.140519469173878
6.149266340650138
6.179211095955683
6.194857561166685
6.1967380486922
6.284644695532314
6.336327907289295
6.347048591427469
6.364435526121781
6.43336681783974
6.61912578845624
6.712039893433943
6.726238558230645
6.805711078815474
0.9265515800354222
1.055257452458935
1.0809469091191377
1.150606555519183
1.1603885415721917
1.199713680120718
1.2344625970808942
1.3111226982784316
1.3591549433562609
1.3895334578487921
1.3946018283307196
1.4189476215327919
1.424664605740391
1.4700539201644434
1.6120521157162568
1.6434071167006494
1.6466822475767178
1.6569279278622848
1.67685802896649
1.6988520254772976
1.7512977883481702
1.807880951217379
1.8204495750461445
1.835603094564012
1.8525322450563935
1.9200090734605908
1.9737455036354943
1.9738046249882732
1.9912304526910696
2.0443659016039106
2.147044564786834
2.1541123944779894
2.179940503718533
2.2016199450375415
2.213698552116461
2.284430417858657
2.3195198009721265
2.433827411129804
2.439281786502198
2.4567668386642487
2.6387435441121596
2.7349820314656794
2.7717950885229508
3.1259923621611443
3.1580386877578426
3.4994370181700467
3.791215988495032
3.9086080745509806
4.958660233259699
5.0098020286278775
5.368040761831765
5.407733100893108
5.421320705780866
5.552002785184569
5.755405505719728
5.817358992348029
5.90717546091976
5.963038102795381
6.045387095077774
6.05452163014462
6.177349795400409
6.27748920794692
6.284632442616418
6.290222175277976
6.305830190249393
6.428665126666808
6.5956738950845
6.667930081814622
7.166708046709506
0.9971714342410479
1.0981910109694608
1.10331289375787
1.1097393673497833
1.1256073534932942
1.1445048906603141
1.155910764564718
1.1748438078268117
1.175103155859751
1.1769041974858394
1.1915665882347835
1.2724675164438457
1.2757047262469776
1.312440528855821
1.3201184357448283
1.3476598919161464
1.431750040760999
1.5020689791034663
1.5164014480282826
1.5848969520248644
1.5928611301225803
1.5936096163708446
1.603373161955381
1.6735681444332016
1.7658690370981447
1.8326141927692627
2.0182254307587684
2.0207098015393123
2.06537614991814
2.093764766537089
2.156412123290947
2.219884134593267
2.254206982779415
2.2849214533078213
2.29082567235908
2.3265678280680673
2.327552578060633
2.372412434193783
2.5281117947953353
2.553763506620031
2.6268901933402695
2.693440638153085
2.941996002583298
2.9768890463026922
2.9892746190476487
3.0224690174103976
3.046718637678469
3.188443868846435
3.2409497087620083
3.278467051592927
3.9293534369725656
4.087515137638037
4.5213449332917985
4.609212436891749
4.860142525939111
5.0244690831271965
5.070499204990412
5.167114448745213
5.188120339816866
5.199514587354592
5.283121437669019
5.346938256710492
5.369335894768255
5.496356679568941
5.561849471703588
5.646134751097433
5.6644926604981904
5.6696278050863
5.745769177959695
5.7974625665189174
5.81585076018455
5.8422696243297
5.864951448880475
5.932879811991076
5.950400705645928
5.954476794534677
6.007308444119742
6.022423118405547
6.040822263826712
6.103904828329416
6.161557367544484
6.197903060169143
6.261303946659819
7.228098093227785
1.0208508990279612
1.0844922786371278
1.1327101716453065
1.1567666463242152
1.1707060896055035
1.1901995329211947
1.2038725635898335
1.217057864633231
1.240169052356967
1.2454692582035776
1.3483285194897336
1.355110613844654
1.419694079336373
1.477880916378051
1.486711857406318
1.5175501344741824
1.5176188566791042
1.5211448202365292
1.5790235240662558
1.617247098289288
1.6346416388734102
1.863117000610139
1.900305716749205
1.9432554643600055
1.9544955256163385
2.1205044219528335
2.128316031541685
2.1484008774610626
2.1681202297131312
2.2544226614063394
2.2565493609438936
2.31285307663607
2.3357025073193274
2.336368787076968
2.3909568857138095
2.538778822383495
2.627977701049829
2.7083886643804536
2.7300952732627137
2.739249951102823
2.763021140506891
2.914861174338987
3.0368272617292904
3.063278145858143
4.300609569950524
4.7922121641157975
5.049442344799372
5.058825286672342
5.119447391297579
5.147265584966966
5.169973950245834
5.386479966253294
5.496036264437618
5.540377953283174
5.563691704647136
5.577237246666606
5.751682479817247
5.7685296906628185
5.81568383854398
5.884509041682843
6.609875679206811
6.63978802016949
1.1006186478257711
1.2034300382472987
1.2524435406259504
1.2960719544688628
1.3232184657625343
1.3503103821812243
1.4510036723848212
1.4753871068952815
1.4903028396615374
1.4971769025189903
1.6032405693548033
1.6415088448372686
1.6735849065825494
1.8127635789425263
1.8193216987809833
1.8341393050049668
1.845486454711865
1.8721914049605826
1.9028759219544875
1.9969606749946236
2.0038663388729825
2.081104389020229
2.12189299479134
2.250377284311718
2.4780243761115113
2.4993484748341537
2.523100037616534
2.530926534499817
2.5739846841414127
2.606713387670402
2.652441229114631
2.7618248086980426
2.8291736720603975
2.836243464144955
2.87150064587358
2.9169856123408118
2.975641026782498
3.044376722006927
3.0711125905120324
3.293173328926991
3.29832852371866
3.324772644685246
3.5503891313106957
3.555863865004737
3.6155648208898685
3.6300725873626765
4.554056672654215
4.616882941632056
4.628532819648908
4.670689762857573
4.971657192251355
5.045532560178593
5.068454027041579
5.1747086206476265
5.175335946121967
5.179422536255104
5.21115451122329
5.214773973413802
5.280318613008239
5.309450458081713
5.325557451616453
5.356683222825663
5.3913486289294825
5.392818671475553
5.3941315246538215
5.437435235057167
5.439570837318694
5.48360074447155
5.508868636954972
5.509761006731685
5.5344214166269365
5.569052853491595
5.7298811280134965
5.786905681310044
5.808123675198136
5.838932310295419
6.06915665789393
6.335300403005882
1.1295307242824109
1.1761878818252114
1.2484450353433179
1.2513807456208357
1.2657352500088137
1.28597197166967
1.2998317091718004
1.3103143653850822
1.3227547061717848
1.3770692740809314
1.4264478551207715
1.4581303756003239
1.5496429261726559
1.5532715411216376
1.668960232613596
1.6692991065044953
1.73365078915781
1.7388143269607181
1.802104199489694
1.8675238942597023
1.9232970545710448
2.0077594480751175
2.094747480352856
2.1596544805451456
2.2512583900633976
2.2924488359298363
2.3215780632763936
2.4298031069315926
2.4509457523732054
2.49982174783746
2.5378339734849784
2.5798761521769347
2.597418914230694
2.6524944364413394
2.6726711166827686
2.689175166343867
2.763322562538785
2.893570770937104
2.9598144818238215
2.9922820718220926
3.072426922123568
3.216540106927111
3.2690844408428386
3.411148140220929
3.420753641621559
3.4325795934553573
3.4412553989688393
3.4685993591469653
3.496309408719134
4.369731393263921
4.67499570839815
4.70596303568179
4.719837712639169
4.734450354138356
4.846804893506601
4.872430673661143
4.959812936920686
5.02380789207733
5.1421124783479835
5.221397021835497
5.2652844121695885
5.403116555790259
5.429133508606557
5.433924209561436
5.44410812827775
5.512557723170037
5.782264216215971
6.361755961908742
1.3004612880542035
1.3340212239264795
1.368702591868199
1.5441340585388255
1.6211771776443904
1.6498499077440056
1.6870545548673446
1.7100634182319812
1.71614275529778
1.7219404350791774
1.7937018446443598
1.864841847689567
2.112255201831213
2.2183890471215606
2.2609291093030732
2.2911516456932155
2.386982404392377
2.388612008790185
2.597728097160905
2.6134697886405625
2.6746500783680727
2.8101267665236884
2.988812734125081
2.9934698510969096
3.01569892175629
3.1190739918386745
3.1285691211288134
3.2599831670388557
3.267354514968494
3.271387151683832
3.3516054406356672
3.471728988207175
3.483600475654012
3.5508097797878837
3.6126307000890017
3.628379693965053
3.6589850498992584
3.6751059669852006
3.923340936807776
4.135288217935349
4.320013701007398
4.338818037935305
4.357649357021314
4.422519690460824
4.540204631508411
4.591067988731877
4.619744233671606
4.652984494908234
4.776259431601134
4.800185665222372
4.821892616997744
4.922454170727527
4.931658611576529
4.945214397655674
4.967790209392187
4.982561404921186
5.051069514599154
5.0558878796662245
5.092039401539875
5.146128149726282
5.184700475287868
5.186185006678514
5.221598423379349
5.230609812702648
5.332087373623306
5.390064410665127
6.272647610781647
6.545112188959137
6.82077193215469
1.250752189293518
1.3695705582875504
1.4170160620424759
1.422132863014233
1.457184851565457
1.4790190077915144
1.4896543846519472
1.5252218818391903
1.5814114154659924
1.6288011142897891
1.683199433477561
1.7301168801118507
1.881901329784939
1.8844563556812008
1.9564962521704339
1.995672528108618
2.025263623478683
2.0597527224886334
2.0653312635579493
2.0910211631177096
2.1273872420956024
2.1306507765951737
2.2585033554495406
2.2836457075804057
2.367863406402475
2.4725204220136208
2.823739135283152
2.8438575960416124
2.8654129653970384
2.866912152969134
2.993273450038946
3.0411695138192973
3.081613682847661
3.1308249792668166
3.2937095617276237
3.316391015574911
3.3214276262214373
3.4151577312246126
3.4211524767696155
3.524465144052223
3.585009785511143
3.698906916697969
3.7017620286303092
3.762788415929252
3.8001682406030235
3.8540483450559693
4.0378350925146025
4.128080716342275
4.220351831611316
4.418253774421732
4.456561611937654
4.464913401438658
4.4916169487104876
4.6555955562893425
4.673132847832061
4.715985459416281
4.737306573475554
4.858884285957048
4.885742523964045
4.914706375331606
4.995959072434246
5.034889573089496
5.0423348690410315
5.073795359762967
5.0774619773217315
6.134599951153429
1.337649281465166
1.4347608145209318
1.4554325383000362
1.5276801518230902
1.5841926691912442
1.5900317330882972
1.677844347993454
1.7588057913112631
1.851617963552912
1.8654401428356575
1.9073982929456217
1.9712980433978124
1.9779010246599338
2.254810000068374
2.311133087566361
2.3895246522127698
2.5148709155353544
2.52608386730399
2.5918365973372786
2.6464325299661904
2.6582448746700917
2.734737374984364
2.7707309643121008
2.8160703568892584
2.9072381764472253
2.9585714143839326
2.9698023070298274
3.0913362955729675
3.1043157858144084
3.138265976368722
3.27067260849896
3.32213551374939
3.7166281626365985
3.8169259857955615
3.830907503381223
3.872830856185579
3.9392701394290417
3.958626655236157
3.976941735242221
4.007447182295674
4.028291379584776
4.031546093092843
4.2093586613893015
4.277489013925696
4.370406989674697
4.463854050848722
4.518128410290985
4.539281751540569
4.556197735350014
4.562329398193365
4.588041534282626
4.603436133601892
4.609816219552737
4.616357784988157
4.6522255179787795
4.67548687381988
4.684763904248368
4.707766782880487
4.772837418603309
4.784926592768242
4.7931348594093794
4.816059488383285
4.924416724815697
4.953584237959827
4.9885636255832235
5.014139172507145
5.065066188327187
1.3830829682850398
1.6585874925577984
1.6875201444029384
1.7364373660253094
1.7598752406710698
1.765978810329305
1.807311751398682
1.8787925304878599
1.9304740324957503
2.1206600898999683
2.141773381326473
2.430965730205766
2.7953312890081126
2.9962759470329647
3.0939057363381437
3.2229877212798184
3.252645392775773
3.291968996559013
3.33735596426825
3.3874690166692796
3.4908812460165146
3.5180057056592977
3.5629837821053894
3.6277504812047434
3.6592532854081172
3.677570419791535
3.6919187647134195
3.7746974319502704
3.7966336488703254
3.807827686289473
3.8568727085526913
3.963228717013833
3.998245577214618
4.090457618968218
4.202284874748966
4.302369790718316
4.345395506054853
4.370140119933073
4.4231859190957215
4.47478001339408
4.476523377431355
4.48760594236193
4.510222607809828
4.555660517779922
4.5684649065215766
4.6986412485605875
4.703004295373725
1.5122999038146356
1.5609749928251053
1.569225360671904
1.6273444321592367
1.6431933592150036
1.6604589953662177
1.7584098913971502
1.8022498325460485
1.8532441893369507
1.878269966206968
1.9263583260500128
1.9788460323754076
2.1077773217998743
2.1247185237092827
2.1658360011320434
2.1916379074745684
2.2388230244110425
2.250767870842994
2.2661277017617265
2.2973335934416124
2.346679272094299
2.383208335614484
2.4422843024325784
2.6024952357013706
2.626256753461102
2.630116494038698
2.700832395969212
2.858538204244122
3.051332501160473
3.1979120017943092
3.2954884060415974
3.3046646601546295
3.3995120961862746
3.455672829290137
3.4706326874008875
3.5469282355936986
3.620834575359765
3.9369367944024223
3.9757855111787688
4.061465020349799
4.0696019501361
4.093158586347399
4.126781250862031
4.137940148426277
4.182070499009186
4.239226114297979
4.249318296177214
4.296078419042314
4.323104255429586
4.3678252754851785
4.382710851540448
4.400984255370552
4.409751080697024
4.445451223795298
4.458337701704985
4.530453887848337
4.531962479367789
4.547095897940435
4.6184245304487845
4.6578013765101
6.083626849934298
1.6472629694674106
1.7963589145106393
1.9107188011557816
2.006750822402246
2.0599530022543737
2.0872296217322726
2.3933147436773643
2.4209096651029016
2.6556201653459586
2.7652538544882677
2.7998259447202454
2.901505900227072
3.04088363600712
3.071672698905148
3.0908566304434095
3.0921105929036585
3.2212602351943658
3.251494134149718
3.6255588202965954
3.81441597806202
3.861372540662676
4.006729417479214
4.066646823836908
4.092606360142861
4.099556569184369
4.100409826564328
4.109913569286542
4.145880851315835
4.189038515889893
4.200983508694941
4.213703292890813
4.256741462884183
4.345471892275059
4.373677618159953
4.391101219059367
1.6261653944233818
1.7739980192695213
1.8245076961742726
1.8461246138723428
1.8898830243075846
1.9093511233097107
1.9372223919405456
1.9635723415892334
2.0590477230290194
2.128124976552044
2.1344856712007534
2.1652692775221922
2.5832609068636563
2.60583806750951
2.6534571337216484
3.0363673252790595
3.237786578637571
3.4306214691374
3.4492938558119426
3.517873766199804
3.5989744401543438
3.6777079054059976
3.7209288801751597
3.7306604627681543
3.7427021367818307
3.934709131544915
3.9356777648816585
3.9641435379463177
3.9765321204856017
3.976841843053795
3.9963013398877134
4.006614736388653
4.064629448841392
4.078646795265468
4.187584557225962
4.193026856478964
4.274619525830681
4.3830742793607715
4.391171476869043
4.463177694909827
4.478573385914274
1.7936548484362116
2.0913985507245747
2.178956861874691
2.3424683857429063
2.3662383908671942
2.3847397244752573
2.385096282221289
2.4471631148115693
2.4689038171370337
2.531256786790252
2.6640818563262876
2.697164118172414
2.706653368670523
2.7918567375003285
3.036120994524087
3.0458278892089563
3.14397238865802
3.2045960594686567
3.590793436820694
3.595072319573467
3.7003361385420375
3.839611841153278
3.871552069687394
3.873302093978828
3.8914544153425865
3.90211697207101
3.909847319637154
3.993670849232735
4.065869272233564
4.068643825194878
1.8066022944789482
1.9855949723189703
2.035622967406154
2.0868966759751255
2.152889261795684
2.194730007638123
2.288969124747368
2.3473987013819557
2.4612816382013367
2.9854121626912735
3.00097690806537
3.032916337739368
3.0666602891313572
3.4957376812150933
3.496283248058951
3.532919061756992
3.564582723634955
3.582113080418866
3.601890896510631
4.014147125913454
4.042953003891356
4.067006454807286
1.9923562535422419
2.3652339066193515
2.5805455558471895
2.594894481754192
2.8313902885182354
3.244872570327187
3.393086394139259
3.4413420517859308
3.480565967171656
3.4990065079404973
3.5156423374027064
3.5599128597945233
3.6105838126317487
3.6581669668150516
3.73332169699237
3.7394166749923343
3.776751505390585
3.8052282504903885
3.9290221695074106
2.288541031877313
2.314685477216937
2.3971402219854063
2.4595559862306304
2.534965746079769
2.603781602712215
2.641701316685154
2.672333755048092
2.7043290063446888
2.7054751784185433
2.830703457494991
2.927183710712405
3.041126935631879
3.073696364557531
3.0963713680904053
3.3765541604676343
3.414868982608482
3.8051503483340396
2.269008969072419
2.4634159227771786
2.9914823105657695
3.2020446384893884
3.206586973080573
3.209357591208973
3.3623756402529654
3.3791129591134412
3.389133670860341
3.399519594670543
2.597758712370336
2.6016767669501606
2.714792585894064
2.961017620719947
3.509615386411792
3.5161394179679903
2.782577181052261
2.9083789260769626
2.933646184848109
2.950065723470331
3.0902659066209095
3.297526574195141
2.8485844466830628
0.13489297278281265
0.13909140591110294
0.14472636133967762
0.14827733671559773
0.1528774500361592
0.1541834495316065
0.15438332359642432
0.1644594905372299
0.1663242694290648
0.16982852577949292
0.175210190802008
0.18641006297369245
0.19479033606636603
0.19612626281761109
0.1991054722555453
0.2049719270689088
0.20812192405328617
0.21989866651727574
0.22850535423273738
0.2286627913220849
0.25795946267791103
0.2583500693701767
0.26399606293893785
0.2641685244014986
0.2680236782127603
0.27326333679238823
0.27730435290898287
0.2783680505930133
0.2812921033114601
0.28657751714679125
0.28731329052182375
0.2896737342248152
0.30803101278168876
0.3111989490505715
0.3178711180490751
0.3256524404347165
0.3264959846443234
0.3273368224536151
0.3364429424340195
0.34734191644609824
0.3591610556967974
0.38122277408246547
0.386889059393167
0.39146212485584175
0.3937304036132393
0.399032042569016
0.4166897830024283
0.42702520458059184
0.4372033595729014
0.4398307206882593
0.44348482196788946
0.45046545990437703
0.4690659557410285
0.4700184858544396
0.47640215572661093
0.48962473214842306
0.49821417071522117
0.5036695549319743
0.5533334165271917
0.5629114210111942
0.5673487594673928
0.5806591942326441
0.5834092725403914
0.5985449987114146
0.6082114507428492
0.633068221209074
0.6432666323350644
0.6456127737933113
0.6681390010336011
0.6782033504597423
0.701537515774216
0.7182181968430972
0.7214738144888558
0.7240656907621384
0.7241212605224632
0.7515983660033605
0.7531685549734601
0.7587031422786951
0.7587303160036148
0.7714713589971751
0.7869806361924943
0.7878178045147122
0.8148310248906505
0.8332427617924384
0.8409522901540833
0.8473704697440835
0.8566904825551709
0.8738512753582386
0.8852405469126388
0.9017896332149469
0.9057440260255858
0.9219504805315237
0.9247093698271929
0.9505958721490847
0.9580427340170161
0.9982670438674701
1.0103107068776092
1.0175036374997146
1.032100307520205
1.0351555757925384
1.050912192353955
1.052110256353005
1.063622615404846
1.0658460004827652
1.0700898443964546
1.0707705631803206
1.0942891382208253
1.10198540898197
1.1346909470428086
1.1390165933879397
1.156249114182553
1.1621666390379755
1.1946370578085046
1.2232375374171633
1.2449516510563552
1.2731751878848736
1.3528288625693636
1.368897161029853
1.3844988141793635
1.4001065257405934
1.401618025559634
1.4132705668251293
1.4140892722884504
1.4149996604753259
1.4315260428659726
1.4338531850071354
1.478193274308627
1.4850904071630864
1.5014151454689095
1.5055308760508492
1.511658048875779
1.5295835144516137
1.5322702571976905
1.541159711243991
1.54640536074898
1.559213727293284
1.5630577434851944
1.6000217984016816
1.6187664726577116
1.6341306120740142
1.654009267873262
1.6943225343511075
1.709813792298479
1.7530602347398434
1.7577138783771606
1.7704355179628177
1.7707395389174456
1.7775810957924605
1.7796900837840481
1.7900104979011469
1.7975853784961604
1.8452860385082435
1.8897612589441115
1.9328410203397248
1.9332070557564522
1.9623330945463313
1.980730128091118
1.9895397072656145
2.015554842637218
2.0180379348573325
2.0445908886246116
2.118749057760411
2.1398026781917827
2.1472186993167393
2.150136781316421
2.1576465013304857
2.207809716392873
2.2359901446152946
2.2584646239672055
2.2630023536538744
2.2665914739161974
2.290211602238547
2.3493949289996094
2.3642561848612296
2.3755810511415176
2.3963783361308604
2.4296374335929682
2.4520432714335514
2.465642177791601
2.4791179181761094
2.5091597682445363
2.524052061671995
2.5389787327051847
2.5586178042463237
2.5728917232025315
2.5749149070025545
2.6095105018747664
2.6376341170128854
2.644940241796953
2.6455640389409183
2.6725356543965977
2.680220916406415
2.7267199730370235
2.7559165843609104
2.87585757485668
2.9328588637701056
2.933284704466854
2.9396950354311198
2.9433041887546705
2.944747110604874
2.9656447337912644
3.0071158618354934
3.0169658150927283
3.1390858489316162
3.141041605939497
3.1763866825599627
3.195425589348914
3.1978472248017162
3.2121842267808214
3.2928461143714753
3.3381583302066082
3.3817499787809018
3.4270090449883917
3.4653796924515428
3.4664906197449374
3.46897001797394
3.481163407857826
3.5827093958797183
3.599005370607026
3.614281761800048
3.639350754034126
3.661871653197075
3.691027665651891
3.6917822583183106
3.735949490689469
3.7541107370625304
3.779786169008664
3.8119322560874447
3.8510210528377224
3.8516720105412032
3.8942055125026207
3.9273415099083993
3.932354932023284
3.975357850525604
3.9779592048001438
4.058308390271991
4.172963583437982
4.183817054868643
4.205386288760341
4.320808147663269
4.480372037255123
4.501809850452279
4.511898948712622
4.524644540616626
4.613810076979726
4.649713020098909
4.675705072917909
4.763469280533888
4.800542457210604
4.822758563548472
4.825622828511869
4.913794543149195
4.919433718584561
4.922022853544148
4.926078714625542
5.011138406241646
5.2127808044844794
5.27402573405758
5.299913027035388
5.7104844242643695
5.795512725198234
5.995874444777844
6.153070614188053
6.221554603668359
6.386619975035966
6.618182550499258
7.524941732754465
8.596674332566128
9.221307380954713
9.894735173554572
10.013265223092741
12.412856740540704
0.34543094474147573
1.843361843880656
3.2994418933414207
3.987172211170824
5.022222571491765
2.4117980686860054
